-1 -2 0
-1 -3 0
-2 -3 0
-4 -5 0
-4 -6 0
-5 -6 0
-7 -8 0
-7 -9 0
-8 -9 0
-10 -11 0
-10 -12 0
-11 -12 0
-13 -14 0
-13 -15 0
-14 -15 0
-16 -17 0
-16 -18 0
-17 -18 0
-19 -20 0
-19 -21 0
-20 -21 0
-22 -23 0
-22 -24 0
-23 -24 0
-25 -26 0
-25 -27 0
-26 -27 0
-28 -29 0
-28 -30 0
-29 -30 0
-31 -32 0
-31 -33 0
-32 -33 0
-34 -35 0
-34 -36 0
-35 -36 0
-37 -38 0
-37 -39 0
-38 -39 0
-40 -41 0
-40 -42 0
-41 -42 0
-43 -44 0
-43 -45 0
-44 -45 0
-46 -47 0
-46 -48 0
-47 -48 0
-49 -50 0
-49 -51 0
-50 -51 0
-52 -53 0
-52 -54 0
-53 -54 0
-55 -56 0
-55 -57 0
-56 -57 0
-58 -59 0
-58 -60 0
-59 -60 0
-61 -62 0
-61 -63 0
-62 -63 0
-64 -65 0
-64 -66 0
-65 -66 0
-67 -68 0
-67 -69 0
-68 -69 0
-70 -71 0
-70 -72 0
-71 -72 0
-73 -74 0
-73 -75 0
-74 -75 0
-76 -77 0
-76 -78 0
-77 -78 0
-79 -80 0
-79 -81 0
-80 -81 0
-82 -83 0
-82 -84 0
-83 -84 0
-85 -86 0
-85 -87 0
-86 -87 0
-88 -89 0
-88 -90 0
-89 -90 0
-91 -92 0
-91 -93 0
-92 -93 0
-94 -95 0
-94 -96 0
-95 -96 0
-97 -98 0
-97 -99 0
-98 -99 0
-100 -101 0
-100 -102 0
-101 -102 0
-103 -104 0
-103 -105 0
-104 -105 0
-106 -107 0
-106 -108 0
-107 -108 0
-109 -110 0
-109 -111 0
-110 -111 0
-112 -113 0
-112 -114 0
-113 -114 0
-115 -116 0
-115 -117 0
-116 -117 0
-118 -119 0
-118 -120 0
-119 -120 0
-121 -122 0
-121 -123 0
-122 -123 0
-124 -125 0
-124 -126 0
-125 -126 0
-127 -128 0
-127 -129 0
-128 -129 0
-130 -131 0
-130 -132 0
-131 -132 0
-133 -134 0
-133 -135 0
-134 -135 0
-136 -137 0
-136 -138 0
-137 -138 0
-139 -140 0
-139 -141 0
-140 -141 0
-142 -143 0
-142 -144 0
-143 -144 0
-145 -146 0
-145 -147 0
-146 -147 0
-148 -149 0
-148 -150 0
-149 -150 0
-151 -152 0
-151 -153 0
-152 -153 0
-154 -155 0
-154 -156 0
-155 -156 0
-157 -158 0
-157 -159 0
-158 -159 0
-160 -161 0
-160 -162 0
-161 -162 0
-163 -164 0
-163 -165 0
-164 -165 0
-166 -167 0
-166 -168 0
-167 -168 0
-169 -170 0
-169 -171 0
-170 -171 0
-172 -173 0
-172 -174 0
-173 -174 0
-175 -176 0
-175 -177 0
-176 -177 0
-178 -179 0
-178 -180 0
-179 -180 0
-181 -182 0
-181 -183 0
-182 -183 0
-184 -185 0
-184 -186 0
-185 -186 0
-187 -188 0
-187 -189 0
-188 -189 0
-190 -191 0
-190 -192 0
-191 -192 0
-193 -194 0
-193 -195 0
-194 -195 0
-196 -197 0
-196 -198 0
-197 -198 0
-199 -200 0
-199 -201 0
-200 -201 0
-202 -203 0
-202 -204 0
-203 -204 0
-205 -206 0
-205 -207 0
-206 -207 0
-208 -209 0
-208 -210 0
-209 -210 0
-211 -212 0
-211 -213 0
-212 -213 0
-214 -215 0
-214 -216 0
-215 -216 0
-217 -218 0
-217 -219 0
-218 -219 0
-220 -221 0
-220 -222 0
-221 -222 0
-223 -224 0
-223 -225 0
-224 -225 0
-226 -227 0
-226 -228 0
-227 -228 0
-229 -230 0
-229 -231 0
-230 -231 0
-232 -233 0
-232 -234 0
-233 -234 0
-235 -236 0
-235 -237 0
-236 -237 0
-238 -239 0
-238 -240 0
-239 -240 0
-241 -242 0
-241 -243 0
-242 -243 0
-244 -245 0
-244 -246 0
-245 -246 0
-247 -248 0
-247 -249 0
-248 -249 0
-250 -251 0
-250 -252 0
-251 -252 0
-253 -254 0
-253 -255 0
-254 -255 0
-256 -257 0
-256 -258 0
-257 -258 0
-259 -260 0
-259 -261 0
-260 -261 0
-262 -263 0
-262 -264 0
-263 -264 0
-265 -266 0
-265 -267 0
-266 -267 0
-268 -269 0
-268 -270 0
-269 -270 0
-271 -272 0
-271 -273 0
-272 -273 0
-274 -275 0
-274 -276 0
-275 -276 0
-277 -278 0
-277 -279 0
-278 -279 0
-280 -281 0
-280 -282 0
-281 -282 0
-283 -284 0
-283 -285 0
-284 -285 0
-286 -287 0
-286 -288 0
-287 -288 0
-289 -290 0
-289 -291 0
-290 -291 0
-292 -293 0
-292 -294 0
-293 -294 0
-295 -296 0
-295 -297 0
-296 -297 0
-298 -299 0
-298 -300 0
-299 -300 0
-301 -302 0
-301 -303 0
-302 -303 0
-304 -305 0
-304 -306 0
-305 -306 0
-307 -308 0
-307 -309 0
-308 -309 0
-310 -311 0
-310 -312 0
-311 -312 0
-313 -314 0
-313 -315 0
-314 -315 0
-316 -317 0
-316 -318 0
-317 -318 0
-319 -320 0
-319 -321 0
-320 -321 0
-322 -323 0
-322 -324 0
-323 -324 0
-325 -326 0
-325 -327 0
-326 -327 0
-328 -329 0
-328 -330 0
-329 -330 0
-331 -332 0
-331 -333 0
-332 -333 0
-334 -335 0
-334 -336 0
-335 -336 0
-337 -338 0
-337 -339 0
-338 -339 0
-340 -341 0
-340 -342 0
-341 -342 0
-343 -344 0
-343 -345 0
-344 -345 0
-346 -347 0
-346 -348 0
-347 -348 0
-349 -350 0
-349 -351 0
-350 -351 0
-352 -353 0
-352 -354 0
-353 -354 0
-355 -356 0
-355 -357 0
-356 -357 0
-358 -359 0
-358 -360 0
-359 -360 0
-361 -362 0
-361 -363 0
-362 -363 0
-364 -365 0
-364 -366 0
-365 -366 0
-367 -368 0
-367 -369 0
-368 -369 0
-370 -371 0
-370 -372 0
-371 -372 0
-373 -374 0
-373 -375 0
-374 -375 0
-376 -377 0
-376 -378 0
-377 -378 0
-379 -380 0
-379 -381 0
-380 -381 0
-382 -383 0
-382 -384 0
-383 -384 0
-385 -386 0
-385 -387 0
-386 -387 0
-388 -389 0
-388 -390 0
-389 -390 0
-391 -392 0
-391 -393 0
-392 -393 0
-394 -395 0
-394 -396 0
-395 -396 0
-397 -398 0
-397 -399 0
-398 -399 0
-400 -401 0
-400 -402 0
-401 -402 0
-403 -404 0
-403 -405 0
-404 -405 0
-406 -407 0
-406 -408 0
-407 -408 0
-409 -410 0
-409 -411 0
-410 -411 0
-412 -413 0
-412 -414 0
-413 -414 0
-415 -416 0
-415 -417 0
-416 -417 0
-418 -419 0
-418 -420 0
-419 -420 0
-421 -422 0
-421 -423 0
-422 -423 0
-424 -425 0
-424 -426 0
-425 -426 0
-427 -428 0
-427 -429 0
-428 -429 0
-430 -431 0
-430 -432 0
-431 -432 0
-433 -434 0
-433 -435 0
-434 -435 0
-436 -437 0
-436 -438 0
-437 -438 0
-439 -440 0
-439 -441 0
-440 -441 0
-442 -443 0
-442 -444 0
-443 -444 0
-445 -446 0
-445 -447 0
-446 -447 0
-448 -449 0
-448 -450 0
-449 -450 0
-451 -452 0
-451 -453 0
-452 -453 0
-454 -455 0
-454 -456 0
-455 -456 0
-457 -458 0
-457 -459 0
-458 -459 0
-460 -461 0
-460 -462 0
-461 -462 0
-463 -464 0
-463 -465 0
-464 -465 0
-466 -467 0
-466 -468 0
-467 -468 0
-469 -470 0
-469 -471 0
-470 -471 0
-472 -473 0
-472 -474 0
-473 -474 0
-475 -476 0
-475 -477 0
-476 -477 0
-478 -479 0
-478 -480 0
-479 -480 0
-481 -482 0
-481 -483 0
-482 -483 0
-484 -485 0
-484 -486 0
-485 -486 0
-487 -488 0
-487 -489 0
-488 -489 0
-490 -491 0
-490 -492 0
-491 -492 0
-493 -494 0
-493 -495 0
-494 -495 0
-496 -497 0
-496 -498 0
-497 -498 0
-499 -500 0
-499 -501 0
-500 -501 0
-502 -503 0
-502 -504 0
-503 -504 0
-505 -506 0
-505 -507 0
-506 -507 0
-508 -509 0
-508 -510 0
-509 -510 0
-511 -512 0
-511 -513 0
-512 -513 0
-514 -515 0
-514 -516 0
-515 -516 0
-517 -518 0
-517 -519 0
-518 -519 0
-520 -521 0
-520 -522 0
-521 -522 0
-523 -524 0
-523 -525 0
-524 -525 0
-526 -527 0
-526 -528 0
-527 -528 0
-529 -530 0
-529 -531 0
-530 -531 0
-532 -533 0
-532 -534 0
-533 -534 0
-535 -536 0
-535 -537 0
-536 -537 0
-538 -539 0
-538 -540 0
-539 -540 0
-541 -542 0
-541 -543 0
-542 -543 0
-544 -545 0
-544 -546 0
-545 -546 0
-547 -548 0
-547 -549 0
-548 -549 0
-550 -551 0
-550 -552 0
-551 -552 0
-553 -554 0
-553 -555 0
-554 -555 0
-556 -557 0
-556 -558 0
-557 -558 0
-559 -560 0
-559 -561 0
-560 -561 0
-562 -563 0
-562 -564 0
-563 -564 0
-565 -566 0
-565 -567 0
-566 -567 0
-568 -569 0
-568 -570 0
-569 -570 0
-571 -572 0
-571 -573 0
-572 -573 0
-574 -575 0
-574 -576 0
-575 -576 0
-577 -578 0
-577 -579 0
-578 -579 0
-580 -581 0
-580 -582 0
-581 -582 0
-583 -584 0
-583 -585 0
-584 -585 0
-586 -587 0
-586 -588 0
-587 -588 0
-589 -590 0
-589 -591 0
-590 -591 0
-592 -593 0
-592 -594 0
-593 -594 0
-595 -596 0
-595 -597 0
-596 -597 0
-598 -599 0
-598 -600 0
-599 -600 0
-601 -602 0
-601 -603 0
-602 -603 0
-604 -605 0
-604 -606 0
-605 -606 0
-607 -608 0
-607 -609 0
-608 -609 0
-610 -611 0
-610 -612 0
-611 -612 0
-613 -614 0
-613 -615 0
-614 -615 0
-616 -617 0
-616 -618 0
-617 -618 0
-619 -620 0
-619 -621 0
-620 -621 0
-622 -623 0
-622 -624 0
-623 -624 0
-625 -626 0
-625 -627 0
-626 -627 0
-628 -629 0
-628 -630 0
-629 -630 0
-631 -632 0
-631 -633 0
-632 -633 0
-634 -635 0
-634 -636 0
-635 -636 0
-637 -638 0
-637 -639 0
-638 -639 0
-640 -641 0
-640 -642 0
-641 -642 0
-643 -644 0
-643 -645 0
-644 -645 0
-646 -647 0
-646 -648 0
-647 -648 0
-649 -650 0
-649 -651 0
-650 -651 0
-652 -653 0
-652 -654 0
-653 -654 0
-655 -656 0
-655 -657 0
-656 -657 0
-658 -659 0
-658 -660 0
-659 -660 0
-661 -662 0
-661 -663 0
-662 -663 0
-664 -665 0
-664 -666 0
-665 -666 0
-667 -668 0
-667 -669 0
-668 -669 0
-670 -671 0
-670 -672 0
-671 -672 0
-673 -674 0
-673 -675 0
-674 -675 0
-676 -677 0
-676 -678 0
-677 -678 0
-679 -680 0
-679 -681 0
-680 -681 0
-682 -683 0
-682 -684 0
-683 -684 0
-685 -686 0
-685 -687 0
-686 -687 0
-688 -689 0
-688 -690 0
-689 -690 0
-691 -692 0
-691 -693 0
-692 -693 0
-694 -695 0
-694 -696 0
-695 -696 0
-697 -698 0
-697 -699 0
-698 -699 0
-700 -701 0
-700 -702 0
-701 -702 0
-703 -704 0
-703 -705 0
-704 -705 0
-706 -707 0
-706 -708 0
-707 -708 0
-709 -710 0
-709 -711 0
-710 -711 0
-712 -713 0
-712 -714 0
-713 -714 0
-715 -716 0
-715 -717 0
-716 -717 0
-718 -719 0
-718 -720 0
-719 -720 0
-721 -722 0
-721 -723 0
-722 -723 0
-724 -725 0
-724 -726 0
-725 -726 0
-727 -728 0
-727 -729 0
-728 -729 0
-730 -731 0
-730 -732 0
-731 -732 0
-733 -734 0
-733 -735 0
-734 -735 0
-736 -737 0
-736 -738 0
-737 -738 0
-739 -740 0
-739 -741 0
-740 -741 0
-742 -743 0
-742 -744 0
-743 -744 0
-745 -746 0
-745 -747 0
-746 -747 0
-748 -749 0
-748 -750 0
-749 -750 0
-751 -752 0
-751 -753 0
-752 -753 0
-754 -755 0
-754 -756 0
-755 -756 0
-757 -758 0
-757 -759 0
-758 -759 0
-760 -761 0
-760 -762 0
-761 -762 0
-763 -764 0
-763 -765 0
-764 -765 0
-766 -767 0
-766 -768 0
-767 -768 0
-769 -770 0
-769 -771 0
-770 -771 0
-772 -773 0
-772 -774 0
-773 -774 0
-775 -776 0
-775 -777 0
-776 -777 0
-778 -779 0
-778 -780 0
-779 -780 0
-781 -782 0
-781 -783 0
-782 -783 0
-784 -785 0
-784 -786 0
-785 -786 0
-787 -788 0
-787 -789 0
-788 -789 0
-790 -791 0
-790 -792 0
-791 -792 0
-793 -794 0
-793 -795 0
-794 -795 0
-796 -797 0
-796 -798 0
-797 -798 0
-799 -800 0
-799 -801 0
-800 -801 0
-802 -803 0
-802 -804 0
-803 -804 0
-805 -806 0
-805 -807 0
-806 -807 0
-808 -809 0
-808 -810 0
-809 -810 0
-811 -812 0
-811 -813 0
-812 -813 0
-814 -815 0
-814 -816 0
-815 -816 0
-817 -818 0
-817 -819 0
-818 -819 0
-820 -821 0
-820 -822 0
-821 -822 0
-823 -824 0
-823 -825 0
-824 -825 0
-826 -827 0
-826 -828 0
-827 -828 0
-829 -830 0
-829 -831 0
-830 -831 0
-832 -833 0
-832 -834 0
-833 -834 0
-835 -836 0
-835 -837 0
-836 -837 0
-838 -839 0
-838 -840 0
-839 -840 0
-841 -842 0
-841 -843 0
-842 -843 0
-844 -845 0
-844 -846 0
-845 -846 0
-847 -848 0
-847 -849 0
-848 -849 0
-850 -851 0
-850 -852 0
-851 -852 0
-853 -854 0
-853 -855 0
-854 -855 0
-856 -857 0
-856 -858 0
-857 -858 0
-859 -860 0
-859 -861 0
-860 -861 0
-862 -863 0
-862 -864 0
-863 -864 0
-865 -866 0
-865 -867 0
-866 -867 0
-868 -869 0
-868 -870 0
-869 -870 0
-871 -872 0
-871 -873 0
-872 -873 0
-874 -875 0
-874 -876 0
-875 -876 0
-877 -878 0
-877 -879 0
-878 -879 0
-880 -881 0
-880 -882 0
-881 -882 0
-883 -884 0
-883 -885 0
-884 -885 0
-886 -887 0
-886 -888 0
-887 -888 0
-889 -890 0
-889 -891 0
-890 -891 0
-892 -893 0
-892 -894 0
-893 -894 0
-895 -896 0
-895 -897 0
-896 -897 0
-898 -899 0
-898 -900 0
-899 -900 0
-901 -902 0
-901 -903 0
-902 -903 0
-904 -905 0
-904 -906 0
-905 -906 0
-907 -908 0
-907 -909 0
-908 -909 0
-910 -911 0
-910 -912 0
-911 -912 0
-913 -914 0
-913 -915 0
-914 -915 0
-916 -917 0
-916 -918 0
-917 -918 0
-919 -920 0
-919 -921 0
-920 -921 0
-922 -923 0
-922 -924 0
-923 -924 0
-925 -926 0
-925 -927 0
-926 -927 0
-928 -929 0
-928 -930 0
-929 -930 0
-931 -932 0
-931 -933 0
-932 -933 0
-934 -935 0
-934 -936 0
-935 -936 0
-937 -938 0
-937 -939 0
-938 -939 0
-940 -941 0
-940 -942 0
-941 -942 0
-943 -944 0
-943 -945 0
-944 -945 0
-946 -947 0
-946 -948 0
-947 -948 0
-949 -950 0
-949 -951 0
-950 -951 0
-952 -953 0
-952 -954 0
-953 -954 0
-955 -956 0
-955 -957 0
-956 -957 0
-958 -959 0
-958 -960 0
-959 -960 0
-961 -962 0
-961 -963 0
-962 -963 0
-964 -965 0
-964 -966 0
-965 -966 0
-967 -968 0
-967 -969 0
-968 -969 0
-970 -971 0
-970 -972 0
-971 -972 0
-973 -974 0
-973 -975 0
-974 -975 0
-976 -977 0
-976 -978 0
-977 -978 0
-979 -980 0
-979 -981 0
-980 -981 0
-982 -983 0
-982 -984 0
-983 -984 0
-985 -986 0
-985 -987 0
-986 -987 0
-988 -989 0
-988 -990 0
-989 -990 0
-991 -992 0
-991 -993 0
-992 -993 0
-994 -995 0
-994 -996 0
-995 -996 0
-997 -998 0
-997 -999 0
-998 -999 0
-1000 -1001 0
-1000 -1002 0
-1001 -1002 0
-1003 -1004 0
-1003 -1005 0
-1004 -1005 0
-1006 -1007 0
-1006 -1008 0
-1007 -1008 0
-1009 -1010 0
-1009 -1011 0
-1010 -1011 0
-1012 -1013 0
-1012 -1014 0
-1013 -1014 0
-1015 -1016 0
-1015 -1017 0
-1016 -1017 0
-1018 -1019 0
-1018 -1020 0
-1019 -1020 0
-1021 -1022 0
-1021 -1023 0
-1022 -1023 0
-1024 -1025 0
-1024 -1026 0
-1025 -1026 0
-1027 -1028 0
-1027 -1029 0
-1028 -1029 0
-1030 -1031 0
-1030 -1032 0
-1031 -1032 0
-1033 -1034 0
-1033 -1035 0
-1034 -1035 0
-1036 -1037 0
-1036 -1038 0
-1037 -1038 0
-1039 -1040 0
-1039 -1041 0
-1040 -1041 0
-1042 -1043 0
-1042 -1044 0
-1043 -1044 0
-1045 -1046 0
-1045 -1047 0
-1046 -1047 0
-1048 -1049 0
-1048 -1050 0
-1049 -1050 0
-1051 -1052 0
-1051 -1053 0
-1052 -1053 0
-1054 -1055 0
-1054 -1056 0
-1055 -1056 0
-1057 -1058 0
-1057 -1059 0
-1058 -1059 0
-1060 -1061 0
-1060 -1062 0
-1061 -1062 0
-1063 -1064 0
-1063 -1065 0
-1064 -1065 0
-1066 -1067 0
-1066 -1068 0
-1067 -1068 0
-1069 -1070 0
-1069 -1071 0
-1070 -1071 0
-1072 -1073 0
-1072 -1074 0
-1073 -1074 0
-1075 -1076 0
-1075 -1077 0
-1076 -1077 0
-1078 -1079 0
-1078 -1080 0
-1079 -1080 0
-1081 -1082 0
-1081 -1083 0
-1082 -1083 0
-1084 -1085 0
-1084 -1086 0
-1085 -1086 0
-1087 -1088 0
-1087 -1089 0
-1088 -1089 0
-1090 -1091 0
-1090 -1092 0
-1091 -1092 0
-1093 -1094 0
-1093 -1095 0
-1094 -1095 0
-1096 -1097 0
-1096 -1098 0
-1097 -1098 0
-1099 -1100 0
-1099 -1101 0
-1100 -1101 0
-1102 -1103 0
-1102 -1104 0
-1103 -1104 0
-1105 -1106 0
-1105 -1107 0
-1106 -1107 0
-1108 -1109 0
-1108 -1110 0
-1109 -1110 0
-1111 -1112 0
-1111 -1113 0
-1112 -1113 0
-1114 -1115 0
-1114 -1116 0
-1115 -1116 0
-1117 -1118 0
-1117 -1119 0
-1118 -1119 0
-1120 -1121 0
-1120 -1122 0
-1121 -1122 0
-1123 -1124 0
-1123 -1125 0
-1124 -1125 0
-1126 -1127 0
-1126 -1128 0
-1127 -1128 0
-1129 -1130 0
-1129 -1131 0
-1130 -1131 0
-1132 -1133 0
-1132 -1134 0
-1133 -1134 0
-1135 -1136 0
-1135 -1137 0
-1136 -1137 0
-1138 -1139 0
-1138 -1140 0
-1139 -1140 0
-1141 -1142 0
-1141 -1143 0
-1142 -1143 0
-1144 -1145 0
-1144 -1146 0
-1145 -1146 0
-1147 -1148 0
-1147 -1149 0
-1148 -1149 0
-1150 -1151 0
-1150 -1152 0
-1151 -1152 0
-1153 -1154 0
-1153 -1155 0
-1154 -1155 0
-1156 -1157 0
-1156 -1158 0
-1157 -1158 0
-1159 -1160 0
-1159 -1161 0
-1160 -1161 0
-1162 -1163 0
-1162 -1164 0
-1163 -1164 0
-1165 -1166 0
-1165 -1167 0
-1166 -1167 0
-1168 -1169 0
-1168 -1170 0
-1169 -1170 0
-1171 -1172 0
-1171 -1173 0
-1172 -1173 0
-1174 -1175 0
-1174 -1176 0
-1175 -1176 0
-1177 -1178 0
-1177 -1179 0
-1178 -1179 0
-1180 -1181 0
-1180 -1182 0
-1181 -1182 0
-1183 -1184 0
-1183 -1185 0
-1184 -1185 0
-1186 -1187 0
-1186 -1188 0
-1187 -1188 0
-1189 -1190 0
-1189 -1191 0
-1190 -1191 0
-1192 -1193 0
-1192 -1194 0
-1193 -1194 0
-1195 -1196 0
-1195 -1197 0
-1196 -1197 0
-1198 -1199 0
-1198 -1200 0
-1199 -1200 0
-1201 -1202 0
-1201 -1203 0
-1202 -1203 0
-1204 -1205 0
-1204 -1206 0
-1205 -1206 0
-1207 -1208 0
-1207 -1209 0
-1208 -1209 0
-1210 -1211 0
-1210 -1212 0
-1211 -1212 0
-1213 -1214 0
-1213 -1215 0
-1214 -1215 0
-1216 -1217 0
-1216 -1218 0
-1217 -1218 0
-1219 -1220 0
-1219 -1221 0
-1220 -1221 0
-1222 -1223 0
-1222 -1224 0
-1223 -1224 0
-1225 -1226 0
-1225 -1227 0
-1226 -1227 0
-1228 -1229 0
-1228 -1230 0
-1229 -1230 0
-1231 -1232 0
-1231 -1233 0
-1232 -1233 0
-1234 -1235 0
-1234 -1236 0
-1235 -1236 0
-1237 -1238 0
-1237 -1239 0
-1238 -1239 0
-1240 -1241 0
-1240 -1242 0
-1241 -1242 0
-1243 -1244 0
-1243 -1245 0
-1244 -1245 0
-1246 -1247 0
-1246 -1248 0
-1247 -1248 0
-1249 -1250 0
-1249 -1251 0
-1250 -1251 0
-1252 -1253 0
-1252 -1254 0
-1253 -1254 0
-1255 -1256 0
-1255 -1257 0
-1256 -1257 0
-1258 -1259 0
-1258 -1260 0
-1259 -1260 0
-1261 -1262 0
-1261 -1263 0
-1262 -1263 0
-1264 -1265 0
-1264 -1266 0
-1265 -1266 0
-1267 -1268 0
-1267 -1269 0
-1268 -1269 0
-1270 -1271 0
-1270 -1272 0
-1271 -1272 0
-1273 -1274 0
-1273 -1275 0
-1274 -1275 0
-1276 -1277 0
-1276 -1278 0
-1277 -1278 0
-1279 -1280 0
-1279 -1281 0
-1280 -1281 0
-1282 -1283 0
-1282 -1284 0
-1283 -1284 0
-1285 -1286 0
-1285 -1287 0
-1286 -1287 0
-1288 -1289 0
-1288 -1290 0
-1289 -1290 0
-1291 -1292 0
-1291 -1293 0
-1292 -1293 0
-1294 -1295 0
-1294 -1296 0
-1295 -1296 0
-1297 -1298 0
-1297 -1299 0
-1298 -1299 0
-1300 -1301 0
-1300 -1302 0
-1301 -1302 0
-1303 -1304 0
-1303 -1305 0
-1304 -1305 0
-1306 -1307 0
-1306 -1308 0
-1307 -1308 0
-1309 -1310 0
-1309 -1311 0
-1310 -1311 0
-1312 -1313 0
-1312 -1314 0
-1313 -1314 0
-1315 -1316 0
-1315 -1317 0
-1316 -1317 0
-1318 -1319 0
-1318 -1320 0
-1319 -1320 0
-1321 -1322 0
-1321 -1323 0
-1322 -1323 0
-1324 -1325 0
-1324 -1326 0
-1325 -1326 0
-1327 -1328 0
-1327 -1329 0
-1328 -1329 0
-1330 -1331 0
-1330 -1332 0
-1331 -1332 0
-1333 -1334 0
-1333 -1335 0
-1334 -1335 0
-1336 -1337 0
-1336 -1338 0
-1337 -1338 0
-1339 -1340 0
-1339 -1341 0
-1340 -1341 0
-1342 -1343 0
-1342 -1344 0
-1343 -1344 0
-1345 -1346 0
-1345 -1347 0
-1346 -1347 0
-1348 -1349 0
-1348 -1350 0
-1349 -1350 0
-1351 -1352 0
-1351 -1353 0
-1352 -1353 0
-1354 -1355 0
-1354 -1356 0
-1355 -1356 0
-1357 -1358 0
-1357 -1359 0
-1358 -1359 0
-1360 -1361 0
-1360 -1362 0
-1361 -1362 0
-1363 -1364 0
-1363 -1365 0
-1364 -1365 0
-1366 -1367 0
-1366 -1368 0
-1367 -1368 0
-1369 -1370 0
-1369 -1371 0
-1370 -1371 0
-1372 -1373 0
-1372 -1374 0
-1373 -1374 0
-1375 -1376 0
-1375 -1377 0
-1376 -1377 0
-1378 -1379 0
-1378 -1380 0
-1379 -1380 0
-1381 -1382 0
-1381 -1383 0
-1382 -1383 0
-1384 -1385 0
-1384 -1386 0
-1385 -1386 0
-1387 -1388 0
-1387 -1389 0
-1388 -1389 0
-1390 -1391 0
-1390 -1392 0
-1391 -1392 0
-1393 -1394 0
-1393 -1395 0
-1394 -1395 0
-1396 -1397 0
-1396 -1398 0
-1397 -1398 0
-1399 -1400 0
-1399 -1401 0
-1400 -1401 0
-1402 -1403 0
-1402 -1404 0
-1403 -1404 0
-1405 -1406 0
-1405 -1407 0
-1406 -1407 0
-1408 -1409 0
-1408 -1410 0
-1409 -1410 0
-1411 -1412 0
-1411 -1413 0
-1412 -1413 0
-1414 -1415 0
-1414 -1416 0
-1415 -1416 0
-1417 -1418 0
-1417 -1419 0
-1418 -1419 0
-1420 -1421 0
-1420 -1422 0
-1421 -1422 0
-1423 -1424 0
-1423 -1425 0
-1424 -1425 0
-1426 -1427 0
-1426 -1428 0
-1427 -1428 0
-1429 -1430 0
-1429 -1431 0
-1430 -1431 0
-1432 -1433 0
-1432 -1434 0
-1433 -1434 0
-1435 -1436 0
-1435 -1437 0
-1436 -1437 0
-1438 -1439 0
-1438 -1440 0
-1439 -1440 0
-1441 -1442 0
-1441 -1443 0
-1442 -1443 0
-1444 -1445 0
-1444 -1446 0
-1445 -1446 0
-1447 -1448 0
-1447 -1449 0
-1448 -1449 0
-1450 -1451 0
-1450 -1452 0
-1451 -1452 0
-1453 -1454 0
-1453 -1455 0
-1454 -1455 0
-1456 -1457 0
-1456 -1458 0
-1457 -1458 0
-1459 -1460 0
-1459 -1461 0
-1460 -1461 0
-1462 -1463 0
-1462 -1464 0
-1463 -1464 0
-1465 -1466 0
-1465 -1467 0
-1466 -1467 0
-1468 -1469 0
-1468 -1470 0
-1469 -1470 0
-1471 -1472 0
-1471 -1473 0
-1472 -1473 0
-1474 -1475 0
-1474 -1476 0
-1475 -1476 0
-1477 -1478 0
-1477 -1479 0
-1478 -1479 0
-1480 -1481 0
-1480 -1482 0
-1481 -1482 0
-1483 -1484 0
-1483 -1485 0
-1484 -1485 0
-1486 -1487 0
-1486 -1488 0
-1487 -1488 0
-1489 -1490 0
-1489 -1491 0
-1490 -1491 0
-1492 -1493 0
-1492 -1494 0
-1493 -1494 0
-1495 -1496 0
-1495 -1497 0
-1496 -1497 0
-1498 -1499 0
-1498 -1500 0
-1499 -1500 0
-1501 -1502 0
-1501 -1503 0
-1502 -1503 0
-1504 -1505 0
-1504 -1506 0
-1505 -1506 0
-1507 -1508 0
-1507 -1509 0
-1508 -1509 0
-1510 -1511 0
-1510 -1512 0
-1511 -1512 0
-1513 -1514 0
-1513 -1515 0
-1514 -1515 0
-1516 -1517 0
-1516 -1518 0
-1517 -1518 0
-1519 -1520 0
-1519 -1521 0
-1520 -1521 0
-1522 -1523 0
-1522 -1524 0
-1523 -1524 0
-1525 -1526 0
-1525 -1527 0
-1526 -1527 0
-1528 -1529 0
-1528 -1530 0
-1529 -1530 0
-1531 -1532 0
-1531 -1533 0
-1532 -1533 0
-1534 -1535 0
-1534 -1536 0
-1535 -1536 0
-1537 -1538 0
-1537 -1539 0
-1538 -1539 0
-1540 -1541 0
-1540 -1542 0
-1541 -1542 0
-1543 -1544 0
-1543 -1545 0
-1544 -1545 0
-1546 -1547 0
-1546 -1548 0
-1547 -1548 0
-1549 -1550 0
-1549 -1551 0
-1550 -1551 0
-1552 -1553 0
-1552 -1554 0
-1553 -1554 0
-1555 -1556 0
-1555 -1557 0
-1556 -1557 0
-1558 -1559 0
-1558 -1560 0
-1559 -1560 0
-1561 -1562 0
-1561 -1563 0
-1562 -1563 0
-1564 -1565 0
-1564 -1566 0
-1565 -1566 0
-1567 -1568 0
-1567 -1569 0
-1568 -1569 0
-1570 -1571 0
-1570 -1572 0
-1571 -1572 0
-1573 -1574 0
-1573 -1575 0
-1574 -1575 0
-1576 -1577 0
-1576 -1578 0
-1577 -1578 0
-1579 -1580 0
-1579 -1581 0
-1580 -1581 0
-1582 -1583 0
-1582 -1584 0
-1583 -1584 0
-1585 -1586 0
-1585 -1587 0
-1586 -1587 0
-1588 -1589 0
-1588 -1590 0
-1589 -1590 0
-1591 -1592 0
-1591 -1593 0
-1592 -1593 0
-1594 -1595 0
-1594 -1596 0
-1595 -1596 0
-1597 -1598 0
-1597 -1599 0
-1598 -1599 0
-1600 -1601 0
-1600 -1602 0
-1601 -1602 0
-1603 -1604 0
-1603 -1605 0
-1604 -1605 0
-1606 -1607 0
-1606 -1608 0
-1607 -1608 0
-1609 -1610 0
-1609 -1611 0
-1610 -1611 0
-1612 -1613 0
-1612 -1614 0
-1613 -1614 0
-1615 -1616 0
-1615 -1617 0
-1616 -1617 0
-1618 -1619 0
-1618 -1620 0
-1619 -1620 0
-1621 -1622 0
-1621 -1623 0
-1622 -1623 0
-1624 -1625 0
-1624 -1626 0
-1625 -1626 0
-1627 -1628 0
-1627 -1629 0
-1628 -1629 0
-1630 -1631 0
-1630 -1632 0
-1631 -1632 0
-1633 -1634 0
-1633 -1635 0
-1634 -1635 0
-1636 -1637 0
-1636 -1638 0
-1637 -1638 0
-1639 -1640 0
-1639 -1641 0
-1640 -1641 0
-1642 -1643 0
-1642 -1644 0
-1643 -1644 0
-1645 -1646 0
-1645 -1647 0
-1646 -1647 0
-1648 -1649 0
-1648 -1650 0
-1649 -1650 0
-1651 -1652 0
-1651 -1653 0
-1652 -1653 0
-1654 -1655 0
-1654 -1656 0
-1655 -1656 0
-1657 -1658 0
-1657 -1659 0
-1658 -1659 0
-1660 -1661 0
-1660 -1662 0
-1661 -1662 0
-1663 -1664 0
-1663 -1665 0
-1664 -1665 0
-1666 -1667 0
-1666 -1668 0
-1667 -1668 0
-1669 -1670 0
-1669 -1671 0
-1670 -1671 0
-1672 -1673 0
-1672 -1674 0
-1673 -1674 0
-1675 -1676 0
-1675 -1677 0
-1676 -1677 0
-1678 -1679 0
-1678 -1680 0
-1679 -1680 0
-1681 -1682 0
-1681 -1683 0
-1682 -1683 0
-1684 -1685 0
-1684 -1686 0
-1685 -1686 0
-1687 -1688 0
-1687 -1689 0
-1688 -1689 0
-1690 -1691 0
-1690 -1692 0
-1691 -1692 0
-1693 -1694 0
-1693 -1695 0
-1694 -1695 0
-1696 -1697 0
-1696 -1698 0
-1697 -1698 0
-1699 -1700 0
-1699 -1701 0
-1700 -1701 0
-1702 -1703 0
-1702 -1704 0
-1703 -1704 0
-1705 -1706 0
-1705 -1707 0
-1706 -1707 0
-1708 -1709 0
-1708 -1710 0
-1709 -1710 0
-1711 -1712 0
-1711 -1713 0
-1712 -1713 0
-1714 -1715 0
-1714 -1716 0
-1715 -1716 0
-1717 -1718 0
-1717 -1719 0
-1718 -1719 0
-1720 -1721 0
-1720 -1722 0
-1721 -1722 0
-1723 -1724 0
-1723 -1725 0
-1724 -1725 0
-1726 -1727 0
-1726 -1728 0
-1727 -1728 0
-1729 -1730 0
-1729 -1731 0
-1730 -1731 0
-1732 -1733 0
-1732 -1734 0
-1733 -1734 0
-1735 -1736 0
-1735 -1737 0
-1736 -1737 0
-1738 -1739 0
-1738 -1740 0
-1739 -1740 0
-1741 -1742 0
-1741 -1743 0
-1742 -1743 0
-1744 -1745 0
-1744 -1746 0
-1745 -1746 0
-1747 -1748 0
-1747 -1749 0
-1748 -1749 0
-1750 -1751 0
-1750 -1752 0
-1751 -1752 0
-1753 -1754 0
-1753 -1755 0
-1754 -1755 0
-1756 -1757 0
-1756 -1758 0
-1757 -1758 0
-1759 -1760 0
-1759 -1761 0
-1760 -1761 0
-1762 -1763 0
-1762 -1764 0
-1763 -1764 0
-1765 -1766 0
-1765 -1767 0
-1766 -1767 0
-1768 -1769 0
-1768 -1770 0
-1769 -1770 0
-1771 -1772 0
-1771 -1773 0
-1772 -1773 0
-1774 -1775 0
-1774 -1776 0
-1775 -1776 0
-1777 -1778 0
-1777 -1779 0
-1778 -1779 0
-1780 -1781 0
-1780 -1782 0
-1781 -1782 0
-1783 -1784 0
-1783 -1785 0
-1784 -1785 0
-1786 -1787 0
-1786 -1788 0
-1787 -1788 0
-1789 -1790 0
-1789 -1791 0
-1790 -1791 0
-1792 -1793 0
-1792 -1794 0
-1793 -1794 0
-1795 -1796 0
-1795 -1797 0
-1796 -1797 0
-1798 -1799 0
-1798 -1800 0
-1799 -1800 0
-1801 -1802 0
-1801 -1803 0
-1802 -1803 0
-1804 -1805 0
-1804 -1806 0
-1805 -1806 0
-1807 -1808 0
-1807 -1809 0
-1808 -1809 0
-1810 -1811 0
-1810 -1812 0
-1811 -1812 0
-1813 -1814 0
-1813 -1815 0
-1814 -1815 0
-1816 -1817 0
-1816 -1818 0
-1817 -1818 0
-1819 -1820 0
-1819 -1821 0
-1820 -1821 0
-1822 -1823 0
-1822 -1824 0
-1823 -1824 0
-1825 -1826 0
-1825 -1827 0
-1826 -1827 0
-1828 -1829 0
-1828 -1830 0
-1829 -1830 0
-1831 -1832 0
-1831 -1833 0
-1832 -1833 0
-1834 -1835 0
-1834 -1836 0
-1835 -1836 0
-1837 -1838 0
-1837 -1839 0
-1838 -1839 0
-1840 -1841 0
-1840 -1842 0
-1841 -1842 0
-1843 -1844 0
-1843 -1845 0
-1844 -1845 0
-1846 -1847 0
-1846 -1848 0
-1847 -1848 0
-1849 -1850 0
-1849 -1851 0
-1850 -1851 0
-1852 -1853 0
-1852 -1854 0
-1853 -1854 0
-1855 -1856 0
-1855 -1857 0
-1856 -1857 0
-1858 -1859 0
-1858 -1860 0
-1859 -1860 0
-1861 -1862 0
-1861 -1863 0
-1862 -1863 0
-1864 -1865 0
-1864 -1866 0
-1865 -1866 0
-1867 -1868 0
-1867 -1869 0
-1868 -1869 0
-1870 -1871 0
-1870 -1872 0
-1871 -1872 0
-1873 -1874 0
-1873 -1875 0
-1874 -1875 0
-1876 -1877 0
-1876 -1878 0
-1877 -1878 0
-1879 -1880 0
-1879 -1881 0
-1880 -1881 0
-1882 -1883 0
-1882 -1884 0
-1883 -1884 0
-1885 -1886 0
-1885 -1887 0
-1886 -1887 0
-1888 -1889 0
-1888 -1890 0
-1889 -1890 0
-1891 -1892 0
-1891 -1893 0
-1892 -1893 0
-1894 -1895 0
-1894 -1896 0
-1895 -1896 0
-1897 -1898 0
-1897 -1899 0
-1898 -1899 0
-1900 -1901 0
-1900 -1902 0
-1901 -1902 0
-1903 -1904 0
-1903 -1905 0
-1904 -1905 0
-1906 -1907 0
-1906 -1908 0
-1907 -1908 0
-1909 -1910 0
-1909 -1911 0
-1910 -1911 0
-1912 -1913 0
-1912 -1914 0
-1913 -1914 0
-1915 -1916 0
-1915 -1917 0
-1916 -1917 0
-1918 -1919 0
-1918 -1920 0
-1919 -1920 0
-1921 -1922 0
-1921 -1923 0
-1922 -1923 0
-1924 -1925 0
-1924 -1926 0
-1925 -1926 0
-1927 -1928 0
-1927 -1929 0
-1928 -1929 0
-1930 -1931 0
-1930 -1932 0
-1931 -1932 0
-1933 -1934 0
-1933 -1935 0
-1934 -1935 0
-1936 -1937 0
-1936 -1938 0
-1937 -1938 0
-1939 -1940 0
-1939 -1941 0
-1940 -1941 0
-1942 -1943 0
-1942 -1944 0
-1943 -1944 0
-1945 -1946 0
-1945 -1947 0
-1946 -1947 0
-1948 -1949 0
-1948 -1950 0
-1949 -1950 0
-1951 -1952 0
-1951 -1953 0
-1952 -1953 0
-1954 -1955 0
-1954 -1956 0
-1955 -1956 0
-1957 -1958 0
-1957 -1959 0
-1958 -1959 0
-1960 -1961 0
-1960 -1962 0
-1961 -1962 0
-1963 -1964 0
-1963 -1965 0
-1964 -1965 0
-1966 -1967 0
-1966 -1968 0
-1967 -1968 0
-1969 -1970 0
-1969 -1971 0
-1970 -1971 0
-1972 -1973 0
-1972 -1974 0
-1973 -1974 0
-1975 -1976 0
-1975 -1977 0
-1976 -1977 0
-1978 -1979 0
-1978 -1980 0
-1979 -1980 0
-1981 -1982 0
-1981 -1983 0
-1982 -1983 0
-1984 -1985 0
-1984 -1986 0
-1985 -1986 0
-1987 -1988 0
-1987 -1989 0
-1988 -1989 0
-1990 -1991 0
-1990 -1992 0
-1991 -1992 0
-1993 -1994 0
-1993 -1995 0
-1994 -1995 0
-1996 -1997 0
-1996 -1998 0
-1997 -1998 0
-1999 -2000 0
-1999 -2001 0
-2000 -2001 0
-2002 -2003 0
-2002 -2004 0
-2003 -2004 0
-2005 -2006 0
-2005 -2007 0
-2006 -2007 0
-2008 -2009 0
-2008 -2010 0
-2009 -2010 0
-2011 -2012 0
-2011 -2013 0
-2012 -2013 0
-2014 -2015 0
-2014 -2016 0
-2015 -2016 0
-2017 -2018 0
-2017 -2019 0
-2018 -2019 0
-2020 -2021 0
-2020 -2022 0
-2021 -2022 0
-2023 -2024 0
-2023 -2025 0
-2024 -2025 0
-2026 -2027 0
-2026 -2028 0
-2027 -2028 0
-2029 -2030 0
-2029 -2031 0
-2030 -2031 0
-2032 -2033 0
-2032 -2034 0
-2033 -2034 0
-2035 -2036 0
-2035 -2037 0
-2036 -2037 0
-2038 -2039 0
-2038 -2040 0
-2039 -2040 0
-2041 -2042 0
-2041 -2043 0
-2042 -2043 0
-2044 -2045 0
-2044 -2046 0
-2045 -2046 0
-2047 -2048 0
-2047 -2049 0
-2048 -2049 0
-2050 -2051 0
-2050 -2052 0
-2051 -2052 0
-2053 -2054 0
-2053 -2055 0
-2054 -2055 0
-2056 -2057 0
-2056 -2058 0
-2057 -2058 0
-2059 -2060 0
-2059 -2061 0
-2060 -2061 0
-2062 -2063 0
-2062 -2064 0
-2063 -2064 0
-2065 -2066 0
-2065 -2067 0
-2066 -2067 0
-2068 -2069 0
-2068 -2070 0
-2069 -2070 0
-2071 -2072 0
-2071 -2073 0
-2072 -2073 0
-2074 -2075 0
-2074 -2076 0
-2075 -2076 0
-2077 -2078 0
-2077 -2079 0
-2078 -2079 0
-2080 -2081 0
-2080 -2082 0
-2081 -2082 0
-2083 -2084 0
-2083 -2085 0
-2084 -2085 0
-2086 -2087 0
-2086 -2088 0
-2087 -2088 0
-2089 -2090 0
-2089 -2091 0
-2090 -2091 0
-2092 -2093 0
-2092 -2094 0
-2093 -2094 0
-2095 -2096 0
-2095 -2097 0
-2096 -2097 0
-2098 -2099 0
-2098 -2100 0
-2099 -2100 0
-2101 -2102 0
-2101 -2103 0
-2102 -2103 0
-2104 -2105 0
-2104 -2106 0
-2105 -2106 0
-2107 -2108 0
-2107 -2109 0
-2108 -2109 0
-2110 -2111 0
-2110 -2112 0
-2111 -2112 0
-2113 -2114 0
-2113 -2115 0
-2114 -2115 0
-2116 -2117 0
-2116 -2118 0
-2117 -2118 0
-2119 -2120 0
-2119 -2121 0
-2120 -2121 0
-2122 -2123 0
-2122 -2124 0
-2123 -2124 0
-2125 -2126 0
-2125 -2127 0
-2126 -2127 0
-2128 -2129 0
-2128 -2130 0
-2129 -2130 0
-2131 -2132 0
-2131 -2133 0
-2132 -2133 0
-2134 -2135 0
-2134 -2136 0
-2135 -2136 0
-2137 -2138 0
-2137 -2139 0
-2138 -2139 0
-2140 -2141 0
-2140 -2142 0
-2141 -2142 0
-2143 -2144 0
-2143 -2145 0
-2144 -2145 0
-2146 -2147 0
-2146 -2148 0
-2147 -2148 0
-2149 -2150 0
-2149 -2151 0
-2150 -2151 0
-2152 -2153 0
-2152 -2154 0
-2153 -2154 0
-2155 -2156 0
-2155 -2157 0
-2156 -2157 0
-2158 -2159 0
-2158 -2160 0
-2159 -2160 0
-2161 -2162 0
-2161 -2163 0
-2162 -2163 0
-2164 -2165 0
-2164 -2166 0
-2165 -2166 0
-2167 -2168 0
-2167 -2169 0
-2168 -2169 0
-2170 -2171 0
-2170 -2172 0
-2171 -2172 0
-2173 -2174 0
-2173 -2175 0
-2174 -2175 0
-2176 -2177 0
-2176 -2178 0
-2177 -2178 0
-2179 -2180 0
-2179 -2181 0
-2180 -2181 0
-2182 -2183 0
-2182 -2184 0
-2183 -2184 0
-2185 -2186 0
-2185 -2187 0
-2186 -2187 0
-2188 -2189 0
-2188 -2190 0
-2189 -2190 0
-2191 -2192 0
-2191 -2193 0
-2192 -2193 0
-2194 -2195 0
-2194 -2196 0
-2195 -2196 0
-2197 -2198 0
-2197 -2199 0
-2198 -2199 0
-2200 -2201 0
-2200 -2202 0
-2201 -2202 0
-2203 -2204 0
-2203 -2205 0
-2204 -2205 0
-2206 -2207 0
-2206 -2208 0
-2207 -2208 0
-2209 -2210 0
-2209 -2211 0
-2210 -2211 0
-2212 -2213 0
-2212 -2214 0
-2213 -2214 0
-2215 -2216 0
-2215 -2217 0
-2216 -2217 0
-2218 -2219 0
-2218 -2220 0
-2219 -2220 0
-2221 -2222 0
-2221 -2223 0
-2222 -2223 0
-2224 -2225 0
-2224 -2226 0
-2225 -2226 0
-2227 -2228 0
-2227 -2229 0
-2228 -2229 0
-2230 -2231 0
-2230 -2232 0
-2231 -2232 0
-2233 -2234 0
-2233 -2235 0
-2234 -2235 0
-2236 -2237 0
-2236 -2238 0
-2237 -2238 0
-2239 -2240 0
-2239 -2241 0
-2240 -2241 0
-2242 -2243 0
-2242 -2244 0
-2243 -2244 0
-2245 -2246 0
-2245 -2247 0
-2246 -2247 0
-2248 -2249 0
-2248 -2250 0
-2249 -2250 0
-2251 -2252 0
-2251 -2253 0
-2252 -2253 0
-2254 -2255 0
-2254 -2256 0
-2255 -2256 0
-2257 -2258 0
-2257 -2259 0
-2258 -2259 0
-2260 -2261 0
-2260 -2262 0
-2261 -2262 0
-2263 -2264 0
-2263 -2265 0
-2264 -2265 0
-2266 -2267 0
-2266 -2268 0
-2267 -2268 0
-2269 -2270 0
-2269 -2271 0
-2270 -2271 0
-2272 -2273 0
-2272 -2274 0
-2273 -2274 0
-2275 -2276 0
-2275 -2277 0
-2276 -2277 0
-2278 -2279 0
-2278 -2280 0
-2279 -2280 0
-2281 -2282 0
-2281 -2283 0
-2282 -2283 0
-2284 -2285 0
-2284 -2286 0
-2285 -2286 0
-2287 -2288 0
-2287 -2289 0
-2288 -2289 0
-2290 -2291 0
-2290 -2292 0
-2291 -2292 0
-2293 -2294 0
-2293 -2295 0
-2294 -2295 0
-2296 -2297 0
-2296 -2298 0
-2297 -2298 0
-2299 -2300 0
-2299 -2301 0
-2300 -2301 0
-2302 -2303 0
-2302 -2304 0
-2303 -2304 0
-2305 -2306 0
-2305 -2307 0
-2306 -2307 0
-2308 -2309 0
-2308 -2310 0
-2309 -2310 0
-2311 -2312 0
-2311 -2313 0
-2312 -2313 0
-2314 -2315 0
-2314 -2316 0
-2315 -2316 0
-2317 -2318 0
-2317 -2319 0
-2318 -2319 0
-2320 -2321 0
-2320 -2322 0
-2321 -2322 0
-2323 -2324 0
-2323 -2325 0
-2324 -2325 0
-2326 -2327 0
-2326 -2328 0
-2327 -2328 0
-2329 -2330 0
-2329 -2331 0
-2330 -2331 0
-2332 -2333 0
-2332 -2334 0
-2333 -2334 0
-2335 -2336 0
-2335 -2337 0
-2336 -2337 0
-2338 -2339 0
-2338 -2340 0
-2339 -2340 0
-2341 -2342 0
-2341 -2343 0
-2342 -2343 0
-2344 -2345 0
-2344 -2346 0
-2345 -2346 0
-2347 -2348 0
-2347 -2349 0
-2348 -2349 0
-2350 -2351 0
-2350 -2352 0
-2351 -2352 0
-2353 -2354 0
-2353 -2355 0
-2354 -2355 0
-2356 -2357 0
-2356 -2358 0
-2357 -2358 0
-2359 -2360 0
-2359 -2361 0
-2360 -2361 0
-2362 -2363 0
-2362 -2364 0
-2363 -2364 0
-2365 -2366 0
-2365 -2367 0
-2366 -2367 0
-2368 -2369 0
-2368 -2370 0
-2369 -2370 0
-2371 -2372 0
-2371 -2373 0
-2372 -2373 0
-2374 -2375 0
-2374 -2376 0
-2375 -2376 0
-2377 -2378 0
-2377 -2379 0
-2378 -2379 0
-2380 -2381 0
-2380 -2382 0
-2381 -2382 0
-2383 -2384 0
-2383 -2385 0
-2384 -2385 0
-2386 -2387 0
-2386 -2388 0
-2387 -2388 0
-2389 -2390 0
-2389 -2391 0
-2390 -2391 0
-2392 -2393 0
-2392 -2394 0
-2393 -2394 0
-2395 -2396 0
-2395 -2397 0
-2396 -2397 0
-2398 -2399 0
-2398 -2400 0
-2399 -2400 0
-2401 -2402 0
-2401 -2403 0
-2402 -2403 0
-2404 -2405 0
-2404 -2406 0
-2405 -2406 0
-2407 -2408 0
-2407 -2409 0
-2408 -2409 0
-2410 -2411 0
-2410 -2412 0
-2411 -2412 0
-2413 -2414 0
-2413 -2415 0
-2414 -2415 0
-2416 -2417 0
-2416 -2418 0
-2417 -2418 0
-2419 -2420 0
-2419 -2421 0
-2420 -2421 0
-2422 -2423 0
-2422 -2424 0
-2423 -2424 0
-2425 -2426 0
-2425 -2427 0
-2426 -2427 0
-2428 -2429 0
-2428 -2430 0
-2429 -2430 0
-2431 -2432 0
-2431 -2433 0
-2432 -2433 0
-2434 -2435 0
-2434 -2436 0
-2435 -2436 0
-2437 -2438 0
-2437 -2439 0
-2438 -2439 0
-2440 -2441 0
-2440 -2442 0
-2441 -2442 0
-2443 -2444 0
-2443 -2445 0
-2444 -2445 0
-2446 -2447 0
-2446 -2448 0
-2447 -2448 0
-2449 -2450 0
-2449 -2451 0
-2450 -2451 0
-2452 -2453 0
-2452 -2454 0
-2453 -2454 0
-2455 -2456 0
-2455 -2457 0
-2456 -2457 0
-2458 -2459 0
-2458 -2460 0
-2459 -2460 0
-2461 -2462 0
-2461 -2463 0
-2462 -2463 0
-2464 -2465 0
-2464 -2466 0
-2465 -2466 0
-2467 -2468 0
-2467 -2469 0
-2468 -2469 0
-2470 -2471 0
-2470 -2472 0
-2471 -2472 0
-2473 -2474 0
-2473 -2475 0
-2474 -2475 0
-2476 -2477 0
-2476 -2478 0
-2477 -2478 0
-2479 -2480 0
-2479 -2481 0
-2480 -2481 0
-2482 -2483 0
-2482 -2484 0
-2483 -2484 0
-2485 -2486 0
-2485 -2487 0
-2486 -2487 0
-2488 -2489 0
-2488 -2490 0
-2489 -2490 0
-2491 -2492 0
-2491 -2493 0
-2492 -2493 0
-2494 -2495 0
-2494 -2496 0
-2495 -2496 0
-2497 -2498 0
-2497 -2499 0
-2498 -2499 0
-2500 -2501 0
-2500 -2502 0
-2501 -2502 0
-2503 -2504 0
-2503 -2505 0
-2504 -2505 0
-2506 -2507 0
-2506 -2508 0
-2507 -2508 0
-2509 -2510 0
-2509 -2511 0
-2510 -2511 0
-2512 -2513 0
-2512 -2514 0
-2513 -2514 0
-2515 -2516 0
-2515 -2517 0
-2516 -2517 0
-2518 -2519 0
-2518 -2520 0
-2519 -2520 0
-2521 -2522 0
-2521 -2523 0
-2522 -2523 0
-2524 -2525 0
-2524 -2526 0
-2525 -2526 0
-2527 -2528 0
-2527 -2529 0
-2528 -2529 0
-2530 -2531 0
-2530 -2532 0
-2531 -2532 0
-2533 -2534 0
-2533 -2535 0
-2534 -2535 0
-2536 -2537 0
-2536 -2538 0
-2537 -2538 0
-2539 -2540 0
-2539 -2541 0
-2540 -2541 0
-2542 -2543 0
-2542 -2544 0
-2543 -2544 0
-2545 -2546 0
-2545 -2547 0
-2546 -2547 0
-2548 -2549 0
-2548 -2550 0
-2549 -2550 0
-2551 -2552 0
-2551 -2553 0
-2552 -2553 0
-2554 -2555 0
-2554 -2556 0
-2555 -2556 0
-2557 -2558 0
-2557 -2559 0
-2558 -2559 0
-2560 -2561 0
-2560 -2562 0
-2561 -2562 0
-2563 -2564 0
-2563 -2565 0
-2564 -2565 0
-2566 -2567 0
-2566 -2568 0
-2567 -2568 0
-2569 -2570 0
-2569 -2571 0
-2570 -2571 0
-2572 -2573 0
-2572 -2574 0
-2573 -2574 0
-2575 -2576 0
-2575 -2577 0
-2576 -2577 0
-2578 -2579 0
-2578 -2580 0
-2579 -2580 0
-2581 -2582 0
-2581 -2583 0
-2582 -2583 0
-2584 -2585 0
-2584 -2586 0
-2585 -2586 0
-2587 -2588 0
-2587 -2589 0
-2588 -2589 0
-2590 -2591 0
-2590 -2592 0
-2591 -2592 0
-1 -2 0
-1 -3 0
-2 -3 0
-4 -5 0
-4 -6 0
-5 -6 0
-7 -8 0
-7 -9 0
-8 -9 0
-10 -11 0
-10 -12 0
-11 -12 0
-13 -14 0
-13 -15 0
-14 -15 0
-16 -17 0
-16 -18 0
-17 -18 0
-19 -20 0
-19 -21 0
-20 -21 0
-22 -23 0
-22 -24 0
-23 -24 0
-25 -26 0
-25 -27 0
-26 -27 0
-28 -29 0
-28 -30 0
-29 -30 0
-31 -32 0
-31 -33 0
-32 -33 0
-34 -35 0
-34 -36 0
-35 -36 0
-37 -38 0
-37 -39 0
-38 -39 0
-40 -41 0
-40 -42 0
-41 -42 0
-43 -44 0
-43 -45 0
-44 -45 0
-46 -47 0
-46 -48 0
-47 -48 0
-49 -50 0
-49 -51 0
-50 -51 0
-52 -53 0
-52 -54 0
-53 -54 0
-55 -56 0
-55 -57 0
-56 -57 0
-58 -59 0
-58 -60 0
-59 -60 0
-61 -62 0
-61 -63 0
-62 -63 0
-64 -65 0
-64 -66 0
-65 -66 0
-67 -68 0
-67 -69 0
-68 -69 0
-70 -71 0
-70 -72 0
-71 -72 0
-73 -74 0
-73 -75 0
-74 -75 0
-76 -77 0
-76 -78 0
-77 -78 0
-79 -80 0
-79 -81 0
-80 -81 0
-82 -83 0
-82 -84 0
-83 -84 0
-85 -86 0
-85 -87 0
-86 -87 0
-88 -89 0
-88 -90 0
-89 -90 0
-91 -92 0
-91 -93 0
-92 -93 0
-94 -95 0
-94 -96 0
-95 -96 0
-97 -98 0
-97 -99 0
-98 -99 0
-100 -101 0
-100 -102 0
-101 -102 0
-103 -104 0
-103 -105 0
-104 -105 0
-106 -107 0
-106 -108 0
-107 -108 0
-109 -110 0
-109 -111 0
-110 -111 0
-112 -113 0
-112 -114 0
-113 -114 0
-115 -116 0
-115 -117 0
-116 -117 0
-118 -119 0
-118 -120 0
-119 -120 0
-121 -122 0
-121 -123 0
-122 -123 0
-124 -125 0
-124 -126 0
-125 -126 0
-127 -128 0
-127 -129 0
-128 -129 0
-130 -131 0
-130 -132 0
-131 -132 0
-133 -134 0
-133 -135 0
-134 -135 0
-136 -137 0
-136 -138 0
-137 -138 0
-139 -140 0
-139 -141 0
-140 -141 0
-142 -143 0
-142 -144 0
-143 -144 0
-145 -146 0
-145 -147 0
-146 -147 0
-148 -149 0
-148 -150 0
-149 -150 0
-151 -152 0
-151 -153 0
-152 -153 0
-154 -155 0
-154 -156 0
-155 -156 0
-157 -158 0
-157 -159 0
-158 -159 0
-160 -161 0
-160 -162 0
-161 -162 0
-163 -164 0
-163 -165 0
-164 -165 0
-166 -167 0
-166 -168 0
-167 -168 0
-169 -170 0
-169 -171 0
-170 -171 0
-172 -173 0
-172 -174 0
-173 -174 0
-175 -176 0
-175 -177 0
-176 -177 0
-178 -179 0
-178 -180 0
-179 -180 0
-181 -182 0
-181 -183 0
-182 -183 0
-184 -185 0
-184 -186 0
-185 -186 0
-187 -188 0
-187 -189 0
-188 -189 0
-190 -191 0
-190 -192 0
-191 -192 0
-193 -194 0
-193 -195 0
-194 -195 0
-196 -197 0
-196 -198 0
-197 -198 0
-199 -200 0
-199 -201 0
-200 -201 0
-202 -203 0
-202 -204 0
-203 -204 0
-205 -206 0
-205 -207 0
-206 -207 0
-208 -209 0
-208 -210 0
-209 -210 0
-211 -212 0
-211 -213 0
-212 -213 0
-214 -215 0
-214 -216 0
-215 -216 0
-217 -218 0
-217 -219 0
-218 -219 0
-220 -221 0
-220 -222 0
-221 -222 0
-223 -224 0
-223 -225 0
-224 -225 0
-226 -227 0
-226 -228 0
-227 -228 0
-229 -230 0
-229 -231 0
-230 -231 0
-232 -233 0
-232 -234 0
-233 -234 0
-235 -236 0
-235 -237 0
-236 -237 0
-238 -239 0
-238 -240 0
-239 -240 0
-241 -242 0
-241 -243 0
-242 -243 0
-244 -245 0
-244 -246 0
-245 -246 0
-247 -248 0
-247 -249 0
-248 -249 0
-250 -251 0
-250 -252 0
-251 -252 0
-253 -254 0
-253 -255 0
-254 -255 0
-256 -257 0
-256 -258 0
-257 -258 0
-259 -260 0
-259 -261 0
-260 -261 0
-262 -263 0
-262 -264 0
-263 -264 0
-265 -266 0
-265 -267 0
-266 -267 0
-268 -269 0
-268 -270 0
-269 -270 0
-271 -272 0
-271 -273 0
-272 -273 0
-274 -275 0
-274 -276 0
-275 -276 0
-277 -278 0
-277 -279 0
-278 -279 0
-280 -281 0
-280 -282 0
-281 -282 0
-283 -284 0
-283 -285 0
-284 -285 0
-286 -287 0
-286 -288 0
-287 -288 0
-289 -290 0
-289 -291 0
-290 -291 0
-292 -293 0
-292 -294 0
-293 -294 0
-295 -296 0
-295 -297 0
-296 -297 0
-298 -299 0
-298 -300 0
-299 -300 0
-301 -302 0
-301 -303 0
-302 -303 0
-304 -305 0
-304 -306 0
-305 -306 0
-307 -308 0
-307 -309 0
-308 -309 0
-310 -311 0
-310 -312 0
-311 -312 0
-313 -314 0
-313 -315 0
-314 -315 0
-316 -317 0
-316 -318 0
-317 -318 0
-319 -320 0
-319 -321 0
-320 -321 0
-322 -323 0
-322 -324 0
-323 -324 0
-325 -326 0
-325 -327 0
-326 -327 0
-328 -329 0
-328 -330 0
-329 -330 0
-331 -332 0
-331 -333 0
-332 -333 0
-334 -335 0
-334 -336 0
-335 -336 0
-337 -338 0
-337 -339 0
-338 -339 0
-340 -341 0
-340 -342 0
-341 -342 0
-343 -344 0
-343 -345 0
-344 -345 0
-346 -347 0
-346 -348 0
-347 -348 0
-349 -350 0
-349 -351 0
-350 -351 0
-352 -353 0
-352 -354 0
-353 -354 0
-355 -356 0
-355 -357 0
-356 -357 0
-358 -359 0
-358 -360 0
-359 -360 0
-361 -362 0
-361 -363 0
-362 -363 0
-364 -365 0
-364 -366 0
-365 -366 0
-367 -368 0
-367 -369 0
-368 -369 0
-370 -371 0
-370 -372 0
-371 -372 0
-373 -374 0
-373 -375 0
-374 -375 0
-376 -377 0
-376 -378 0
-377 -378 0
-379 -380 0
-379 -381 0
-380 -381 0
-382 -383 0
-382 -384 0
-383 -384 0
-385 -386 0
-385 -387 0
-386 -387 0
-388 -389 0
-388 -390 0
-389 -390 0
-391 -392 0
-391 -393 0
-392 -393 0
-394 -395 0
-394 -396 0
-395 -396 0
-397 -398 0
-397 -399 0
-398 -399 0
-400 -401 0
-400 -402 0
-401 -402 0
-403 -404 0
-403 -405 0
-404 -405 0
-406 -407 0
-406 -408 0
-407 -408 0
-409 -410 0
-409 -411 0
-410 -411 0
-412 -413 0
-412 -414 0
-413 -414 0
-415 -416 0
-415 -417 0
-416 -417 0
-418 -419 0
-418 -420 0
-419 -420 0
-421 -422 0
-421 -423 0
-422 -423 0
-424 -425 0
-424 -426 0
-425 -426 0
-427 -428 0
-427 -429 0
-428 -429 0
-430 -431 0
-430 -432 0
-431 -432 0
-433 -434 0
-433 -435 0
-434 -435 0
-436 -437 0
-436 -438 0
-437 -438 0
-439 -440 0
-439 -441 0
-440 -441 0
-442 -443 0
-442 -444 0
-443 -444 0
-445 -446 0
-445 -447 0
-446 -447 0
-448 -449 0
-448 -450 0
-449 -450 0
-451 -452 0
-451 -453 0
-452 -453 0
-454 -455 0
-454 -456 0
-455 -456 0
-457 -458 0
-457 -459 0
-458 -459 0
-460 -461 0
-460 -462 0
-461 -462 0
-463 -464 0
-463 -465 0
-464 -465 0
-466 -467 0
-466 -468 0
-467 -468 0
-469 -470 0
-469 -471 0
-470 -471 0
-472 -473 0
-472 -474 0
-473 -474 0
-475 -476 0
-475 -477 0
-476 -477 0
-478 -479 0
-478 -480 0
-479 -480 0
-481 -482 0
-481 -483 0
-482 -483 0
-484 -485 0
-484 -486 0
-485 -486 0
-487 -488 0
-487 -489 0
-488 -489 0
-490 -491 0
-490 -492 0
-491 -492 0
-493 -494 0
-493 -495 0
-494 -495 0
-496 -497 0
-496 -498 0
-497 -498 0
-499 -500 0
-499 -501 0
-500 -501 0
-502 -503 0
-502 -504 0
-503 -504 0
-505 -506 0
-505 -507 0
-506 -507 0
-508 -509 0
-508 -510 0
-509 -510 0
-511 -512 0
-511 -513 0
-512 -513 0
-514 -515 0
-514 -516 0
-515 -516 0
-517 -518 0
-517 -519 0
-518 -519 0
-520 -521 0
-520 -522 0
-521 -522 0
-523 -524 0
-523 -525 0
-524 -525 0
-526 -527 0
-526 -528 0
-527 -528 0
-529 -530 0
-529 -531 0
-530 -531 0
-532 -533 0
-532 -534 0
-533 -534 0
-535 -536 0
-535 -537 0
-536 -537 0
-538 -539 0
-538 -540 0
-539 -540 0
-541 -542 0
-541 -543 0
-542 -543 0
-544 -545 0
-544 -546 0
-545 -546 0
-547 -548 0
-547 -549 0
-548 -549 0
-550 -551 0
-550 -552 0
-551 -552 0
-553 -554 0
-553 -555 0
-554 -555 0
-556 -557 0
-556 -558 0
-557 -558 0
-559 -560 0
-559 -561 0
-560 -561 0
-562 -563 0
-562 -564 0
-563 -564 0
-565 -566 0
-565 -567 0
-566 -567 0
-568 -569 0
-568 -570 0
-569 -570 0
-571 -572 0
-571 -573 0
-572 -573 0
-574 -575 0
-574 -576 0
-575 -576 0
-577 -578 0
-577 -579 0
-578 -579 0
-580 -581 0
-580 -582 0
-581 -582 0
-583 -584 0
-583 -585 0
-584 -585 0
-586 -587 0
-586 -588 0
-587 -588 0
-589 -590 0
-589 -591 0
-590 -591 0
-592 -593 0
-592 -594 0
-593 -594 0
-595 -596 0
-595 -597 0
-596 -597 0
-598 -599 0
-598 -600 0
-599 -600 0
-601 -602 0
-601 -603 0
-602 -603 0
-604 -605 0
-604 -606 0
-605 -606 0
-607 -608 0
-607 -609 0
-608 -609 0
-610 -611 0
-610 -612 0
-611 -612 0
-613 -614 0
-613 -615 0
-614 -615 0
-616 -617 0
-616 -618 0
-617 -618 0
-619 -620 0
-619 -621 0
-620 -621 0
-622 -623 0
-622 -624 0
-623 -624 0
-625 -626 0
-625 -627 0
-626 -627 0
-628 -629 0
-628 -630 0
-629 -630 0
-631 -632 0
-631 -633 0
-632 -633 0
-634 -635 0
-634 -636 0
-635 -636 0
-637 -638 0
-637 -639 0
-638 -639 0
-640 -641 0
-640 -642 0
-641 -642 0
-643 -644 0
-643 -645 0
-644 -645 0
-646 -647 0
-646 -648 0
-647 -648 0
-649 -650 0
-649 -651 0
-650 -651 0
-652 -653 0
-652 -654 0
-653 -654 0
-655 -656 0
-655 -657 0
-656 -657 0
-658 -659 0
-658 -660 0
-659 -660 0
-661 -662 0
-661 -663 0
-662 -663 0
-664 -665 0
-664 -666 0
-665 -666 0
-667 -668 0
-667 -669 0
-668 -669 0
-670 -671 0
-670 -672 0
-671 -672 0
-673 -674 0
-673 -675 0
-674 -675 0
-676 -677 0
-676 -678 0
-677 -678 0
-679 -680 0
-679 -681 0
-680 -681 0
-682 -683 0
-682 -684 0
-683 -684 0
-685 -686 0
-685 -687 0
-686 -687 0
-688 -689 0
-688 -690 0
-689 -690 0
-691 -692 0
-691 -693 0
-692 -693 0
-694 -695 0
-694 -696 0
-695 -696 0
-697 -698 0
-697 -699 0
-698 -699 0
-700 -701 0
-700 -702 0
-701 -702 0
-703 -704 0
-703 -705 0
-704 -705 0
-706 -707 0
-706 -708 0
-707 -708 0
-709 -710 0
-709 -711 0
-710 -711 0
-712 -713 0
-712 -714 0
-713 -714 0
-715 -716 0
-715 -717 0
-716 -717 0
-718 -719 0
-718 -720 0
-719 -720 0
-721 -722 0
-721 -723 0
-722 -723 0
-724 -725 0
-724 -726 0
-725 -726 0
-727 -728 0
-727 -729 0
-728 -729 0
-730 -731 0
-730 -732 0
-731 -732 0
-733 -734 0
-733 -735 0
-734 -735 0
-736 -737 0
-736 -738 0
-737 -738 0
-739 -740 0
-739 -741 0
-740 -741 0
-742 -743 0
-742 -744 0
-743 -744 0
-745 -746 0
-745 -747 0
-746 -747 0
-748 -749 0
-748 -750 0
-749 -750 0
-751 -752 0
-751 -753 0
-752 -753 0
-754 -755 0
-754 -756 0
-755 -756 0
-757 -758 0
-757 -759 0
-758 -759 0
-760 -761 0
-760 -762 0
-761 -762 0
-763 -764 0
-763 -765 0
-764 -765 0
-766 -767 0
-766 -768 0
-767 -768 0
-769 -770 0
-769 -771 0
-770 -771 0
-772 -773 0
-772 -774 0
-773 -774 0
-775 -776 0
-775 -777 0
-776 -777 0
-778 -779 0
-778 -780 0
-779 -780 0
-781 -782 0
-781 -783 0
-782 -783 0
-784 -785 0
-784 -786 0
-785 -786 0
-787 -788 0
-787 -789 0
-788 -789 0
-790 -791 0
-790 -792 0
-791 -792 0
-793 -794 0
-793 -795 0
-794 -795 0
-796 -797 0
-796 -798 0
-797 -798 0
-799 -800 0
-799 -801 0
-800 -801 0
-802 -803 0
-802 -804 0
-803 -804 0
-805 -806 0
-805 -807 0
-806 -807 0
-808 -809 0
-808 -810 0
-809 -810 0
-811 -812 0
-811 -813 0
-812 -813 0
-814 -815 0
-814 -816 0
-815 -816 0
-817 -818 0
-817 -819 0
-818 -819 0
-820 -821 0
-820 -822 0
-821 -822 0
-823 -824 0
-823 -825 0
-824 -825 0
-826 -827 0
-826 -828 0
-827 -828 0
-829 -830 0
-829 -831 0
-830 -831 0
-832 -833 0
-832 -834 0
-833 -834 0
-835 -836 0
-835 -837 0
-836 -837 0
-838 -839 0
-838 -840 0
-839 -840 0
-841 -842 0
-841 -843 0
-842 -843 0
-844 -845 0
-844 -846 0
-845 -846 0
-847 -848 0
-847 -849 0
-848 -849 0
-850 -851 0
-850 -852 0
-851 -852 0
-853 -854 0
-853 -855 0
-854 -855 0
-856 -857 0
-856 -858 0
-857 -858 0
-859 -860 0
-859 -861 0
-860 -861 0
-862 -863 0
-862 -864 0
-863 -864 0
-865 -866 0
-865 -867 0
-866 -867 0
-868 -869 0
-868 -870 0
-869 -870 0
-871 -872 0
-871 -873 0
-872 -873 0
-874 -875 0
-874 -876 0
-875 -876 0
-877 -878 0
-877 -879 0
-878 -879 0
-880 -881 0
-880 -882 0
-881 -882 0
-883 -884 0
-883 -885 0
-884 -885 0
-886 -887 0
-886 -888 0
-887 -888 0
-889 -890 0
-889 -891 0
-890 -891 0
-892 -893 0
-892 -894 0
-893 -894 0
-895 -896 0
-895 -897 0
-896 -897 0
-898 -899 0
-898 -900 0
-899 -900 0
-901 -902 0
-901 -903 0
-902 -903 0
-904 -905 0
-904 -906 0
-905 -906 0
-907 -908 0
-907 -909 0
-908 -909 0
-910 -911 0
-910 -912 0
-911 -912 0
-913 -914 0
-913 -915 0
-914 -915 0
-916 -917 0
-916 -918 0
-917 -918 0
-919 -920 0
-919 -921 0
-920 -921 0
-922 -923 0
-922 -924 0
-923 -924 0
-925 -926 0
-925 -927 0
-926 -927 0
-928 -929 0
-928 -930 0
-929 -930 0
-931 -932 0
-931 -933 0
-932 -933 0
-934 -935 0
-934 -936 0
-935 -936 0
-937 -938 0
-937 -939 0
-938 -939 0
-940 -941 0
-940 -942 0
-941 -942 0
-943 -944 0
-943 -945 0
-944 -945 0
-946 -947 0
-946 -948 0
-947 -948 0
-949 -950 0
-949 -951 0
-950 -951 0
-952 -953 0
-952 -954 0
-953 -954 0
-955 -956 0
-955 -957 0
-956 -957 0
-958 -959 0
-958 -960 0
-959 -960 0
-961 -962 0
-961 -963 0
-962 -963 0
-964 -965 0
-964 -966 0
-965 -966 0
-967 -968 0
-967 -969 0
-968 -969 0
-970 -971 0
-970 -972 0
-971 -972 0
-973 -974 0
-973 -975 0
-974 -975 0
-976 -977 0
-976 -978 0
-977 -978 0
-979 -980 0
-979 -981 0
-980 -981 0
-982 -983 0
-982 -984 0
-983 -984 0
-985 -986 0
-985 -987 0
-986 -987 0
-988 -989 0
-988 -990 0
-989 -990 0
-991 -992 0
-991 -993 0
-992 -993 0
-994 -995 0
-994 -996 0
-995 -996 0
-997 -998 0
-997 -999 0
-998 -999 0
-1000 -1001 0
-1000 -1002 0
-1001 -1002 0
-1003 -1004 0
-1003 -1005 0
-1004 -1005 0
-1006 -1007 0
-1006 -1008 0
-1007 -1008 0
-1009 -1010 0
-1009 -1011 0
-1010 -1011 0
-1012 -1013 0
-1012 -1014 0
-1013 -1014 0
-1015 -1016 0
-1015 -1017 0
-1016 -1017 0
-1018 -1019 0
-1018 -1020 0
-1019 -1020 0
-1021 -1022 0
-1021 -1023 0
-1022 -1023 0
-1024 -1025 0
-1024 -1026 0
-1025 -1026 0
-1027 -1028 0
-1027 -1029 0
-1028 -1029 0
-1030 -1031 0
-1030 -1032 0
-1031 -1032 0
-1033 -1034 0
-1033 -1035 0
-1034 -1035 0
-1036 -1037 0
-1036 -1038 0
-1037 -1038 0
-1039 -1040 0
-1039 -1041 0
-1040 -1041 0
-1042 -1043 0
-1042 -1044 0
-1043 -1044 0
-1045 -1046 0
-1045 -1047 0
-1046 -1047 0
-1048 -1049 0
-1048 -1050 0
-1049 -1050 0
-1051 -1052 0
-1051 -1053 0
-1052 -1053 0
-1054 -1055 0
-1054 -1056 0
-1055 -1056 0
-1057 -1058 0
-1057 -1059 0
-1058 -1059 0
-1060 -1061 0
-1060 -1062 0
-1061 -1062 0
-1063 -1064 0
-1063 -1065 0
-1064 -1065 0
-1066 -1067 0
-1066 -1068 0
-1067 -1068 0
-1069 -1070 0
-1069 -1071 0
-1070 -1071 0
-1072 -1073 0
-1072 -1074 0
-1073 -1074 0
-1075 -1076 0
-1075 -1077 0
-1076 -1077 0
-1078 -1079 0
-1078 -1080 0
-1079 -1080 0
-1081 -1082 0
-1081 -1083 0
-1082 -1083 0
-1084 -1085 0
-1084 -1086 0
-1085 -1086 0
-1087 -1088 0
-1087 -1089 0
-1088 -1089 0
-1090 -1091 0
-1090 -1092 0
-1091 -1092 0
-1093 -1094 0
-1093 -1095 0
-1094 -1095 0
-1096 -1097 0
-1096 -1098 0
-1097 -1098 0
-1099 -1100 0
-1099 -1101 0
-1100 -1101 0
-1102 -1103 0
-1102 -1104 0
-1103 -1104 0
-1105 -1106 0
-1105 -1107 0
-1106 -1107 0
-1108 -1109 0
-1108 -1110 0
-1109 -1110 0
-1111 -1112 0
-1111 -1113 0
-1112 -1113 0
-1114 -1115 0
-1114 -1116 0
-1115 -1116 0
-1117 -1118 0
-1117 -1119 0
-1118 -1119 0
-1120 -1121 0
-1120 -1122 0
-1121 -1122 0
-1123 -1124 0
-1123 -1125 0
-1124 -1125 0
-1126 -1127 0
-1126 -1128 0
-1127 -1128 0
-1129 -1130 0
-1129 -1131 0
-1130 -1131 0
-1132 -1133 0
-1132 -1134 0
-1133 -1134 0
-1135 -1136 0
-1135 -1137 0
-1136 -1137 0
-1138 -1139 0
-1138 -1140 0
-1139 -1140 0
-1141 -1142 0
-1141 -1143 0
-1142 -1143 0
-1144 -1145 0
-1144 -1146 0
-1145 -1146 0
-1147 -1148 0
-1147 -1149 0
-1148 -1149 0
-1150 -1151 0
-1150 -1152 0
-1151 -1152 0
-1153 -1154 0
-1153 -1155 0
-1154 -1155 0
-1156 -1157 0
-1156 -1158 0
-1157 -1158 0
-1159 -1160 0
-1159 -1161 0
-1160 -1161 0
-1162 -1163 0
-1162 -1164 0
-1163 -1164 0
-1165 -1166 0
-1165 -1167 0
-1166 -1167 0
-1168 -1169 0
-1168 -1170 0
-1169 -1170 0
-1171 -1172 0
-1171 -1173 0
-1172 -1173 0
-1174 -1175 0
-1174 -1176 0
-1175 -1176 0
-1177 -1178 0
-1177 -1179 0
-1178 -1179 0
-1180 -1181 0
-1180 -1182 0
-1181 -1182 0
-1183 -1184 0
-1183 -1185 0
-1184 -1185 0
-1186 -1187 0
-1186 -1188 0
-1187 -1188 0
-1189 -1190 0
-1189 -1191 0
-1190 -1191 0
-1192 -1193 0
-1192 -1194 0
-1193 -1194 0
-1195 -1196 0
-1195 -1197 0
-1196 -1197 0
-1198 -1199 0
-1198 -1200 0
-1199 -1200 0
-1201 -1202 0
-1201 -1203 0
-1202 -1203 0
-1204 -1205 0
-1204 -1206 0
-1205 -1206 0
-1207 -1208 0
-1207 -1209 0
-1208 -1209 0
-1210 -1211 0
-1210 -1212 0
-1211 -1212 0
-1213 -1214 0
-1213 -1215 0
-1214 -1215 0
-1216 -1217 0
-1216 -1218 0
-1217 -1218 0
-1219 -1220 0
-1219 -1221 0
-1220 -1221 0
-1222 -1223 0
-1222 -1224 0
-1223 -1224 0
-1225 -1226 0
-1225 -1227 0
-1226 -1227 0
-1228 -1229 0
-1228 -1230 0
-1229 -1230 0
-1231 -1232 0
-1231 -1233 0
-1232 -1233 0
-1234 -1235 0
-1234 -1236 0
-1235 -1236 0
-1237 -1238 0
-1237 -1239 0
-1238 -1239 0
-1240 -1241 0
-1240 -1242 0
-1241 -1242 0
-1243 -1244 0
-1243 -1245 0
-1244 -1245 0
-1246 -1247 0
-1246 -1248 0
-1247 -1248 0
-1249 -1250 0
-1249 -1251 0
-1250 -1251 0
-1252 -1253 0
-1252 -1254 0
-1253 -1254 0
-1255 -1256 0
-1255 -1257 0
-1256 -1257 0
-1258 -1259 0
-1258 -1260 0
-1259 -1260 0
-1261 -1262 0
-1261 -1263 0
-1262 -1263 0
-1264 -1265 0
-1264 -1266 0
-1265 -1266 0
-1267 -1268 0
-1267 -1269 0
-1268 -1269 0
-1270 -1271 0
-1270 -1272 0
-1271 -1272 0
-1273 -1274 0
-1273 -1275 0
-1274 -1275 0
-1276 -1277 0
-1276 -1278 0
-1277 -1278 0
-1279 -1280 0
-1279 -1281 0
-1280 -1281 0
-1282 -1283 0
-1282 -1284 0
-1283 -1284 0
-1285 -1286 0
-1285 -1287 0
-1286 -1287 0
-1288 -1289 0
-1288 -1290 0
-1289 -1290 0
-1291 -1292 0
-1291 -1293 0
-1292 -1293 0
-1294 -1295 0
-1294 -1296 0
-1295 -1296 0
-1297 -1298 0
-1297 -1299 0
-1298 -1299 0
-1300 -1301 0
-1300 -1302 0
-1301 -1302 0
-1303 -1304 0
-1303 -1305 0
-1304 -1305 0
-1306 -1307 0
-1306 -1308 0
-1307 -1308 0
-1309 -1310 0
-1309 -1311 0
-1310 -1311 0
-1312 -1313 0
-1312 -1314 0
-1313 -1314 0
-1315 -1316 0
-1315 -1317 0
-1316 -1317 0
-1318 -1319 0
-1318 -1320 0
-1319 -1320 0
-1321 -1322 0
-1321 -1323 0
-1322 -1323 0
-1324 -1325 0
-1324 -1326 0
-1325 -1326 0
-1327 -1328 0
-1327 -1329 0
-1328 -1329 0
-1330 -1331 0
-1330 -1332 0
-1331 -1332 0
-1333 -1334 0
-1333 -1335 0
-1334 -1335 0
-1336 -1337 0
-1336 -1338 0
-1337 -1338 0
-1339 -1340 0
-1339 -1341 0
-1340 -1341 0
-1342 -1343 0
-1342 -1344 0
-1343 -1344 0
-1345 -1346 0
-1345 -1347 0
-1346 -1347 0
-1348 -1349 0
-1348 -1350 0
-1349 -1350 0
-1351 -1352 0
-1351 -1353 0
-1352 -1353 0
-1354 -1355 0
-1354 -1356 0
-1355 -1356 0
-1357 -1358 0
-1357 -1359 0
-1358 -1359 0
-1360 -1361 0
-1360 -1362 0
-1361 -1362 0
-1363 -1364 0
-1363 -1365 0
-1364 -1365 0
-1366 -1367 0
-1366 -1368 0
-1367 -1368 0
-1369 -1370 0
-1369 -1371 0
-1370 -1371 0
-1372 -1373 0
-1372 -1374 0
-1373 -1374 0
-1375 -1376 0
-1375 -1377 0
-1376 -1377 0
-1378 -1379 0
-1378 -1380 0
-1379 -1380 0
-1381 -1382 0
-1381 -1383 0
-1382 -1383 0
-1384 -1385 0
-1384 -1386 0
-1385 -1386 0
-1387 -1388 0
-1387 -1389 0
-1388 -1389 0
-1390 -1391 0
-1390 -1392 0
-1391 -1392 0
-1393 -1394 0
-1393 -1395 0
-1394 -1395 0
-1396 -1397 0
-1396 -1398 0
-1397 -1398 0
-1399 -1400 0
-1399 -1401 0
-1400 -1401 0
-1402 -1403 0
-1402 -1404 0
-1403 -1404 0
-1405 -1406 0
-1405 -1407 0
-1406 -1407 0
-1408 -1409 0
-1408 -1410 0
-1409 -1410 0
-1411 -1412 0
-1411 -1413 0
-1412 -1413 0
-1414 -1415 0
-1414 -1416 0
-1415 -1416 0
-1417 -1418 0
-1417 -1419 0
-1418 -1419 0
-1420 -1421 0
-1420 -1422 0
-1421 -1422 0
-1423 -1424 0
-1423 -1425 0
-1424 -1425 0
-1426 -1427 0
-1426 -1428 0
-1427 -1428 0
-1429 -1430 0
-1429 -1431 0
-1430 -1431 0
-1432 -1433 0
-1432 -1434 0
-1433 -1434 0
-1435 -1436 0
-1435 -1437 0
-1436 -1437 0
-1438 -1439 0
-1438 -1440 0
-1439 -1440 0
-1441 -1442 0
-1441 -1443 0
-1442 -1443 0
-1444 -1445 0
-1444 -1446 0
-1445 -1446 0
-1447 -1448 0
-1447 -1449 0
-1448 -1449 0
-1450 -1451 0
-1450 -1452 0
-1451 -1452 0
-1453 -1454 0
-1453 -1455 0
-1454 -1455 0
-1456 -1457 0
-1456 -1458 0
-1457 -1458 0
-1459 -1460 0
-1459 -1461 0
-1460 -1461 0
-1462 -1463 0
-1462 -1464 0
-1463 -1464 0
-1465 -1466 0
-1465 -1467 0
-1466 -1467 0
-1468 -1469 0
-1468 -1470 0
-1469 -1470 0
-1471 -1472 0
-1471 -1473 0
-1472 -1473 0
-1474 -1475 0
-1474 -1476 0
-1475 -1476 0
-1477 -1478 0
-1477 -1479 0
-1478 -1479 0
-1480 -1481 0
-1480 -1482 0
-1481 -1482 0
-1483 -1484 0
-1483 -1485 0
-1484 -1485 0
-1486 -1487 0
-1486 -1488 0
-1487 -1488 0
-1489 -1490 0
-1489 -1491 0
-1490 -1491 0
-1492 -1493 0
-1492 -1494 0
-1493 -1494 0
-1495 -1496 0
-1495 -1497 0
-1496 -1497 0
-1498 -1499 0
-1498 -1500 0
-1499 -1500 0
-1501 -1502 0
-1501 -1503 0
-1502 -1503 0
-1504 -1505 0
-1504 -1506 0
-1505 -1506 0
-1507 -1508 0
-1507 -1509 0
-1508 -1509 0
-1510 -1511 0
-1510 -1512 0
-1511 -1512 0
-1513 -1514 0
-1513 -1515 0
-1514 -1515 0
-1516 -1517 0
-1516 -1518 0
-1517 -1518 0
-1519 -1520 0
-1519 -1521 0
-1520 -1521 0
-1522 -1523 0
-1522 -1524 0
-1523 -1524 0
-1525 -1526 0
-1525 -1527 0
-1526 -1527 0
-1528 -1529 0
-1528 -1530 0
-1529 -1530 0
-1531 -1532 0
-1531 -1533 0
-1532 -1533 0
-1534 -1535 0
-1534 -1536 0
-1535 -1536 0
-1537 -1538 0
-1537 -1539 0
-1538 -1539 0
-1540 -1541 0
-1540 -1542 0
-1541 -1542 0
-1543 -1544 0
-1543 -1545 0
-1544 -1545 0
-1546 -1547 0
-1546 -1548 0
-1547 -1548 0
-1549 -1550 0
-1549 -1551 0
-1550 -1551 0
-1552 -1553 0
-1552 -1554 0
-1553 -1554 0
-1555 -1556 0
-1555 -1557 0
-1556 -1557 0
-1558 -1559 0
-1558 -1560 0
-1559 -1560 0
-1561 -1562 0
-1561 -1563 0
-1562 -1563 0
-1564 -1565 0
-1564 -1566 0
-1565 -1566 0
-1567 -1568 0
-1567 -1569 0
-1568 -1569 0
-1570 -1571 0
-1570 -1572 0
-1571 -1572 0
-1573 -1574 0
-1573 -1575 0
-1574 -1575 0
-1576 -1577 0
-1576 -1578 0
-1577 -1578 0
-1579 -1580 0
-1579 -1581 0
-1580 -1581 0
-1582 -1583 0
-1582 -1584 0
-1583 -1584 0
-1585 -1586 0
-1585 -1587 0
-1586 -1587 0
-1588 -1589 0
-1588 -1590 0
-1589 -1590 0
-1591 -1592 0
-1591 -1593 0
-1592 -1593 0
-1594 -1595 0
-1594 -1596 0
-1595 -1596 0
-1597 -1598 0
-1597 -1599 0
-1598 -1599 0
-1600 -1601 0
-1600 -1602 0
-1601 -1602 0
-1603 -1604 0
-1603 -1605 0
-1604 -1605 0
-1606 -1607 0
-1606 -1608 0
-1607 -1608 0
-1609 -1610 0
-1609 -1611 0
-1610 -1611 0
-1612 -1613 0
-1612 -1614 0
-1613 -1614 0
-1615 -1616 0
-1615 -1617 0
-1616 -1617 0
-1618 -1619 0
-1618 -1620 0
-1619 -1620 0
-1621 -1622 0
-1621 -1623 0
-1622 -1623 0
-1624 -1625 0
-1624 -1626 0
-1625 -1626 0
-1627 -1628 0
-1627 -1629 0
-1628 -1629 0
-1630 -1631 0
-1630 -1632 0
-1631 -1632 0
-1633 -1634 0
-1633 -1635 0
-1634 -1635 0
-1636 -1637 0
-1636 -1638 0
-1637 -1638 0
-1639 -1640 0
-1639 -1641 0
-1640 -1641 0
-1642 -1643 0
-1642 -1644 0
-1643 -1644 0
-1645 -1646 0
-1645 -1647 0
-1646 -1647 0
-1648 -1649 0
-1648 -1650 0
-1649 -1650 0
-1651 -1652 0
-1651 -1653 0
-1652 -1653 0
-1654 -1655 0
-1654 -1656 0
-1655 -1656 0
-1657 -1658 0
-1657 -1659 0
-1658 -1659 0
-1660 -1661 0
-1660 -1662 0
-1661 -1662 0
-1663 -1664 0
-1663 -1665 0
-1664 -1665 0
-1666 -1667 0
-1666 -1668 0
-1667 -1668 0
-1669 -1670 0
-1669 -1671 0
-1670 -1671 0
-1672 -1673 0
-1672 -1674 0
-1673 -1674 0
-1675 -1676 0
-1675 -1677 0
-1676 -1677 0
-1678 -1679 0
-1678 -1680 0
-1679 -1680 0
-1681 -1682 0
-1681 -1683 0
-1682 -1683 0
-1684 -1685 0
-1684 -1686 0
-1685 -1686 0
-1687 -1688 0
-1687 -1689 0
-1688 -1689 0
-1690 -1691 0
-1690 -1692 0
-1691 -1692 0
-1693 -1694 0
-1693 -1695 0
-1694 -1695 0
-1696 -1697 0
-1696 -1698 0
-1697 -1698 0
-1699 -1700 0
-1699 -1701 0
-1700 -1701 0
-1702 -1703 0
-1702 -1704 0
-1703 -1704 0
-1705 -1706 0
-1705 -1707 0
-1706 -1707 0
-1708 -1709 0
-1708 -1710 0
-1709 -1710 0
-1711 -1712 0
-1711 -1713 0
-1712 -1713 0
-1714 -1715 0
-1714 -1716 0
-1715 -1716 0
-1717 -1718 0
-1717 -1719 0
-1718 -1719 0
-1720 -1721 0
-1720 -1722 0
-1721 -1722 0
-1723 -1724 0
-1723 -1725 0
-1724 -1725 0
-1726 -1727 0
-1726 -1728 0
-1727 -1728 0
-1729 -1730 0
-1729 -1731 0
-1730 -1731 0
-1732 -1733 0
-1732 -1734 0
-1733 -1734 0
-1735 -1736 0
-1735 -1737 0
-1736 -1737 0
-1738 -1739 0
-1738 -1740 0
-1739 -1740 0
-1741 -1742 0
-1741 -1743 0
-1742 -1743 0
-1744 -1745 0
-1744 -1746 0
-1745 -1746 0
-1747 -1748 0
-1747 -1749 0
-1748 -1749 0
-1750 -1751 0
-1750 -1752 0
-1751 -1752 0
-1753 -1754 0
-1753 -1755 0
-1754 -1755 0
-1756 -1757 0
-1756 -1758 0
-1757 -1758 0
-1759 -1760 0
-1759 -1761 0
-1760 -1761 0
-1762 -1763 0
-1762 -1764 0
-1763 -1764 0
-1765 -1766 0
-1765 -1767 0
-1766 -1767 0
-1768 -1769 0
-1768 -1770 0
-1769 -1770 0
-1771 -1772 0
-1771 -1773 0
-1772 -1773 0
-1774 -1775 0
-1774 -1776 0
-1775 -1776 0
-1777 -1778 0
-1777 -1779 0
-1778 -1779 0
-1780 -1781 0
-1780 -1782 0
-1781 -1782 0
-1783 -1784 0
-1783 -1785 0
-1784 -1785 0
-1786 -1787 0
-1786 -1788 0
-1787 -1788 0
-1789 -1790 0
-1789 -1791 0
-1790 -1791 0
-1792 -1793 0
-1792 -1794 0
-1793 -1794 0
-1795 -1796 0
-1795 -1797 0
-1796 -1797 0
-1798 -1799 0
-1798 -1800 0
-1799 -1800 0
-1801 -1802 0
-1801 -1803 0
-1802 -1803 0
-1804 -1805 0
-1804 -1806 0
-1805 -1806 0
-1807 -1808 0
-1807 -1809 0
-1808 -1809 0
-1810 -1811 0
-1810 -1812 0
-1811 -1812 0
-1813 -1814 0
-1813 -1815 0
-1814 -1815 0
-1816 -1817 0
-1816 -1818 0
-1817 -1818 0
-1819 -1820 0
-1819 -1821 0
-1820 -1821 0
-1822 -1823 0
-1822 -1824 0
-1823 -1824 0
-1825 -1826 0
-1825 -1827 0
-1826 -1827 0
-1828 -1829 0
-1828 -1830 0
-1829 -1830 0
-1831 -1832 0
-1831 -1833 0
-1832 -1833 0
-1834 -1835 0
-1834 -1836 0
-1835 -1836 0
-1837 -1838 0
-1837 -1839 0
-1838 -1839 0
-1840 -1841 0
-1840 -1842 0
-1841 -1842 0
-1843 -1844 0
-1843 -1845 0
-1844 -1845 0
-1846 -1847 0
-1846 -1848 0
-1847 -1848 0
-1849 -1850 0
-1849 -1851 0
-1850 -1851 0
-1852 -1853 0
-1852 -1854 0
-1853 -1854 0
-1855 -1856 0
-1855 -1857 0
-1856 -1857 0
-1858 -1859 0
-1858 -1860 0
-1859 -1860 0
-1861 -1862 0
-1861 -1863 0
-1862 -1863 0
-1864 -1865 0
-1864 -1866 0
-1865 -1866 0
-1867 -1868 0
-1867 -1869 0
-1868 -1869 0
-1870 -1871 0
-1870 -1872 0
-1871 -1872 0
-1873 -1874 0
-1873 -1875 0
-1874 -1875 0
-1876 -1877 0
-1876 -1878 0
-1877 -1878 0
-1879 -1880 0
-1879 -1881 0
-1880 -1881 0
-1882 -1883 0
-1882 -1884 0
-1883 -1884 0
-1885 -1886 0
-1885 -1887 0
-1886 -1887 0
-1888 -1889 0
-1888 -1890 0
-1889 -1890 0
-1891 -1892 0
-1891 -1893 0
-1892 -1893 0
-1894 -1895 0
-1894 -1896 0
-1895 -1896 0
-1897 -1898 0
-1897 -1899 0
-1898 -1899 0
-1900 -1901 0
-1900 -1902 0
-1901 -1902 0
-1903 -1904 0
-1903 -1905 0
-1904 -1905 0
-1906 -1907 0
-1906 -1908 0
-1907 -1908 0
-1909 -1910 0
-1909 -1911 0
-1910 -1911 0
-1912 -1913 0
-1912 -1914 0
-1913 -1914 0
-1915 -1916 0
-1915 -1917 0
-1916 -1917 0
-1918 -1919 0
-1918 -1920 0
-1919 -1920 0
-1921 -1922 0
-1921 -1923 0
-1922 -1923 0
-1924 -1925 0
-1924 -1926 0
-1925 -1926 0
-1927 -1928 0
-1927 -1929 0
-1928 -1929 0
-1930 -1931 0
-1930 -1932 0
-1931 -1932 0
-1933 -1934 0
-1933 -1935 0
-1934 -1935 0
-1936 -1937 0
-1936 -1938 0
-1937 -1938 0
-1939 -1940 0
-1939 -1941 0
-1940 -1941 0
-1942 -1943 0
-1942 -1944 0
-1943 -1944 0
-1945 -1946 0
-1945 -1947 0
-1946 -1947 0
-1948 -1949 0
-1948 -1950 0
-1949 -1950 0
-1951 -1952 0
-1951 -1953 0
-1952 -1953 0
-1954 -1955 0
-1954 -1956 0
-1955 -1956 0
-1957 -1958 0
-1957 -1959 0
-1958 -1959 0
-1960 -1961 0
-1960 -1962 0
-1961 -1962 0
-1963 -1964 0
-1963 -1965 0
-1964 -1965 0
-1966 -1967 0
-1966 -1968 0
-1967 -1968 0
-1969 -1970 0
-1969 -1971 0
-1970 -1971 0
-1972 -1973 0
-1972 -1974 0
-1973 -1974 0
-1975 -1976 0
-1975 -1977 0
-1976 -1977 0
-1978 -1979 0
-1978 -1980 0
-1979 -1980 0
-1981 -1982 0
-1981 -1983 0
-1982 -1983 0
-1984 -1985 0
-1984 -1986 0
-1985 -1986 0
-1987 -1988 0
-1987 -1989 0
-1988 -1989 0
-1990 -1991 0
-1990 -1992 0
-1991 -1992 0
-1993 -1994 0
-1993 -1995 0
-1994 -1995 0
-1996 -1997 0
-1996 -1998 0
-1997 -1998 0
-1999 -2000 0
-1999 -2001 0
-2000 -2001 0
-2002 -2003 0
-2002 -2004 0
-2003 -2004 0
-2005 -2006 0
-2005 -2007 0
-2006 -2007 0
-2008 -2009 0
-2008 -2010 0
-2009 -2010 0
-2011 -2012 0
-2011 -2013 0
-2012 -2013 0
-2014 -2015 0
-2014 -2016 0
-2015 -2016 0
-2017 -2018 0
-2017 -2019 0
-2018 -2019 0
-2020 -2021 0
-2020 -2022 0
-2021 -2022 0
-2023 -2024 0
-2023 -2025 0
-2024 -2025 0
-2026 -2027 0
-2026 -2028 0
-2027 -2028 0
-2029 -2030 0
-2029 -2031 0
-2030 -2031 0
-2032 -2033 0
-2032 -2034 0
-2033 -2034 0
-2035 -2036 0
-2035 -2037 0
-2036 -2037 0
-2038 -2039 0
-2038 -2040 0
-2039 -2040 0
-2041 -2042 0
-2041 -2043 0
-2042 -2043 0
-2044 -2045 0
-2044 -2046 0
-2045 -2046 0
-2047 -2048 0
-2047 -2049 0
-2048 -2049 0
-2050 -2051 0
-2050 -2052 0
-2051 -2052 0
-2053 -2054 0
-2053 -2055 0
-2054 -2055 0
-2056 -2057 0
-2056 -2058 0
-2057 -2058 0
-2059 -2060 0
-2059 -2061 0
-2060 -2061 0
-2062 -2063 0
-2062 -2064 0
-2063 -2064 0
-2065 -2066 0
-2065 -2067 0
-2066 -2067 0
-2068 -2069 0
-2068 -2070 0
-2069 -2070 0
-2071 -2072 0
-2071 -2073 0
-2072 -2073 0
-2074 -2075 0
-2074 -2076 0
-2075 -2076 0
-2077 -2078 0
-2077 -2079 0
-2078 -2079 0
-2080 -2081 0
-2080 -2082 0
-2081 -2082 0
-2083 -2084 0
-2083 -2085 0
-2084 -2085 0
-2086 -2087 0
-2086 -2088 0
-2087 -2088 0
-2089 -2090 0
-2089 -2091 0
-2090 -2091 0
-2092 -2093 0
-2092 -2094 0
-2093 -2094 0
-2095 -2096 0
-2095 -2097 0
-2096 -2097 0
-2098 -2099 0
-2098 -2100 0
-2099 -2100 0
-2101 -2102 0
-2101 -2103 0
-2102 -2103 0
-2104 -2105 0
-2104 -2106 0
-2105 -2106 0
-2107 -2108 0
-2107 -2109 0
-2108 -2109 0
-2110 -2111 0
-2110 -2112 0
-2111 -2112 0
-2113 -2114 0
-2113 -2115 0
-2114 -2115 0
-2116 -2117 0
-2116 -2118 0
-2117 -2118 0
-2119 -2120 0
-2119 -2121 0
-2120 -2121 0
-2122 -2123 0
-2122 -2124 0
-2123 -2124 0
-2125 -2126 0
-2125 -2127 0
-2126 -2127 0
-2128 -2129 0
-2128 -2130 0
-2129 -2130 0
-2131 -2132 0
-2131 -2133 0
-2132 -2133 0
-2134 -2135 0
-2134 -2136 0
-2135 -2136 0
-2137 -2138 0
-2137 -2139 0
-2138 -2139 0
-2140 -2141 0
-2140 -2142 0
-2141 -2142 0
-2143 -2144 0
-2143 -2145 0
-2144 -2145 0
-2146 -2147 0
-2146 -2148 0
-2147 -2148 0
-2149 -2150 0
-2149 -2151 0
-2150 -2151 0
-2152 -2153 0
-2152 -2154 0
-2153 -2154 0
-2155 -2156 0
-2155 -2157 0
-2156 -2157 0
-2158 -2159 0
-2158 -2160 0
-2159 -2160 0
-2161 -2162 0
-2161 -2163 0
-2162 -2163 0
-2164 -2165 0
-2164 -2166 0
-2165 -2166 0
-2167 -2168 0
-2167 -2169 0
-2168 -2169 0
-2170 -2171 0
-2170 -2172 0
-2171 -2172 0
-2173 -2174 0
-2173 -2175 0
-2174 -2175 0
-2176 -2177 0
-2176 -2178 0
-2177 -2178 0
-2179 -2180 0
-2179 -2181 0
-2180 -2181 0
-2182 -2183 0
-2182 -2184 0
-2183 -2184 0
-2185 -2186 0
-2185 -2187 0
-2186 -2187 0
-2188 -2189 0
-2188 -2190 0
-2189 -2190 0
-2191 -2192 0
-2191 -2193 0
-2192 -2193 0
-2194 -2195 0
-2194 -2196 0
-2195 -2196 0
-2197 -2198 0
-2197 -2199 0
-2198 -2199 0
-2200 -2201 0
-2200 -2202 0
-2201 -2202 0
-2203 -2204 0
-2203 -2205 0
-2204 -2205 0
-2206 -2207 0
-2206 -2208 0
-2207 -2208 0
-2209 -2210 0
-2209 -2211 0
-2210 -2211 0
-2212 -2213 0
-2212 -2214 0
-2213 -2214 0
-2215 -2216 0
-2215 -2217 0
-2216 -2217 0
-2218 -2219 0
-2218 -2220 0
-2219 -2220 0
-2221 -2222 0
-2221 -2223 0
-2222 -2223 0
-2224 -2225 0
-2224 -2226 0
-2225 -2226 0
-2227 -2228 0
-2227 -2229 0
-2228 -2229 0
-2230 -2231 0
-2230 -2232 0
-2231 -2232 0
-2233 -2234 0
-2233 -2235 0
-2234 -2235 0
-2236 -2237 0
-2236 -2238 0
-2237 -2238 0
-2239 -2240 0
-2239 -2241 0
-2240 -2241 0
-2242 -2243 0
-2242 -2244 0
-2243 -2244 0
-2245 -2246 0
-2245 -2247 0
-2246 -2247 0
-2248 -2249 0
-2248 -2250 0
-2249 -2250 0
-2251 -2252 0
-2251 -2253 0
-2252 -2253 0
-2254 -2255 0
-2254 -2256 0
-2255 -2256 0
-2257 -2258 0
-2257 -2259 0
-2258 -2259 0
-2260 -2261 0
-2260 -2262 0
-2261 -2262 0
-2263 -2264 0
-2263 -2265 0
-2264 -2265 0
-2266 -2267 0
-2266 -2268 0
-2267 -2268 0
-2269 -2270 0
-2269 -2271 0
-2270 -2271 0
-2272 -2273 0
-2272 -2274 0
-2273 -2274 0
-2275 -2276 0
-2275 -2277 0
-2276 -2277 0
-2278 -2279 0
-2278 -2280 0
-2279 -2280 0
-2281 -2282 0
-2281 -2283 0
-2282 -2283 0
-2284 -2285 0
-2284 -2286 0
-2285 -2286 0
-2287 -2288 0
-2287 -2289 0
-2288 -2289 0
-2290 -2291 0
-2290 -2292 0
-2291 -2292 0
-2293 -2294 0
-2293 -2295 0
-2294 -2295 0
-2296 -2297 0
-2296 -2298 0
-2297 -2298 0
-2299 -2300 0
-2299 -2301 0
-2300 -2301 0
-2302 -2303 0
-2302 -2304 0
-2303 -2304 0
-2305 -2306 0
-2305 -2307 0
-2306 -2307 0
-2308 -2309 0
-2308 -2310 0
-2309 -2310 0
-2311 -2312 0
-2311 -2313 0
-2312 -2313 0
-2314 -2315 0
-2314 -2316 0
-2315 -2316 0
-2317 -2318 0
-2317 -2319 0
-2318 -2319 0
-2320 -2321 0
-2320 -2322 0
-2321 -2322 0
-2323 -2324 0
-2323 -2325 0
-2324 -2325 0
-2326 -2327 0
-2326 -2328 0
-2327 -2328 0
-2329 -2330 0
-2329 -2331 0
-2330 -2331 0
-2332 -2333 0
-2332 -2334 0
-2333 -2334 0
-2335 -2336 0
-2335 -2337 0
-2336 -2337 0
-2338 -2339 0
-2338 -2340 0
-2339 -2340 0
-2341 -2342 0
-2341 -2343 0
-2342 -2343 0
-2344 -2345 0
-2344 -2346 0
-2345 -2346 0
-2347 -2348 0
-2347 -2349 0
-2348 -2349 0
-2350 -2351 0
-2350 -2352 0
-2351 -2352 0
-2353 -2354 0
-2353 -2355 0
-2354 -2355 0
-2356 -2357 0
-2356 -2358 0
-2357 -2358 0
-2359 -2360 0
-2359 -2361 0
-2360 -2361 0
-2362 -2363 0
-2362 -2364 0
-2363 -2364 0
-2365 -2366 0
-2365 -2367 0
-2366 -2367 0
-2368 -2369 0
-2368 -2370 0
-2369 -2370 0
-2371 -2372 0
-2371 -2373 0
-2372 -2373 0
-2374 -2375 0
-2374 -2376 0
-2375 -2376 0
-2377 -2378 0
-2377 -2379 0
-2378 -2379 0
-2380 -2381 0
-2380 -2382 0
-2381 -2382 0
-2383 -2384 0
-2383 -2385 0
-2384 -2385 0
-2386 -2387 0
-2386 -2388 0
-2387 -2388 0
-2389 -2390 0
-2389 -2391 0
-2390 -2391 0
-2392 -2393 0
-2392 -2394 0
-2393 -2394 0
-2395 -2396 0
-2395 -2397 0
-2396 -2397 0
-2398 -2399 0
-2398 -2400 0
-2399 -2400 0
-2401 -2402 0
-2401 -2403 0
-2402 -2403 0
-2404 -2405 0
-2404 -2406 0
-2405 -2406 0
-2407 -2408 0
-2407 -2409 0
-2408 -2409 0
-2410 -2411 0
-2410 -2412 0
-2411 -2412 0
-2413 -2414 0
-2413 -2415 0
-2414 -2415 0
-2416 -2417 0
-2416 -2418 0
-2417 -2418 0
-2419 -2420 0
-2419 -2421 0
-2420 -2421 0
-2422 -2423 0
-2422 -2424 0
-2423 -2424 0
-2425 -2426 0
-2425 -2427 0
-2426 -2427 0
-2428 -2429 0
-2428 -2430 0
-2429 -2430 0
-2431 -2432 0
-2431 -2433 0
-2432 -2433 0
-2434 -2435 0
-2434 -2436 0
-2435 -2436 0
-2437 -2438 0
-2437 -2439 0
-2438 -2439 0
-2440 -2441 0
-2440 -2442 0
-2441 -2442 0
-2443 -2444 0
-2443 -2445 0
-2444 -2445 0
-2446 -2447 0
-2446 -2448 0
-2447 -2448 0
-2449 -2450 0
-2449 -2451 0
-2450 -2451 0
-2452 -2453 0
-2452 -2454 0
-2453 -2454 0
-2455 -2456 0
-2455 -2457 0
-2456 -2457 0
-2458 -2459 0
-2458 -2460 0
-2459 -2460 0
-2461 -2462 0
-2461 -2463 0
-2462 -2463 0
-2464 -2465 0
-2464 -2466 0
-2465 -2466 0
-2467 -2468 0
-2467 -2469 0
-2468 -2469 0
-2470 -2471 0
-2470 -2472 0
-2471 -2472 0
-2473 -2474 0
-2473 -2475 0
-2474 -2475 0
-2476 -2477 0
-2476 -2478 0
-2477 -2478 0
-2479 -2480 0
-2479 -2481 0
-2480 -2481 0
-2482 -2483 0
-2482 -2484 0
-2483 -2484 0
-2485 -2486 0
-2485 -2487 0
-2486 -2487 0
-2488 -2489 0
-2488 -2490 0
-2489 -2490 0
-2491 -2492 0
-2491 -2493 0
-2492 -2493 0
-2494 -2495 0
-2494 -2496 0
-2495 -2496 0
-2497 -2498 0
-2497 -2499 0
-2498 -2499 0
-2500 -2501 0
-2500 -2502 0
-2501 -2502 0
-2503 -2504 0
-2503 -2505 0
-2504 -2505 0
-2506 -2507 0
-2506 -2508 0
-2507 -2508 0
-2509 -2510 0
-2509 -2511 0
-2510 -2511 0
-2512 -2513 0
-2512 -2514 0
-2513 -2514 0
-2515 -2516 0
-2515 -2517 0
-2516 -2517 0
-2518 -2519 0
-2518 -2520 0
-2519 -2520 0
-2521 -2522 0
-2521 -2523 0
-2522 -2523 0
-2524 -2525 0
-2524 -2526 0
-2525 -2526 0
-2527 -2528 0
-2527 -2529 0
-2528 -2529 0
-2530 -2531 0
-2530 -2532 0
-2531 -2532 0
-2533 -2534 0
-2533 -2535 0
-2534 -2535 0
-2536 -2537 0
-2536 -2538 0
-2537 -2538 0
-2539 -2540 0
-2539 -2541 0
-2540 -2541 0
-2542 -2543 0
-2542 -2544 0
-2543 -2544 0
-2545 -2546 0
-2545 -2547 0
-2546 -2547 0
-2548 -2549 0
-2548 -2550 0
-2549 -2550 0
-2551 -2552 0
-2551 -2553 0
-2552 -2553 0
-2554 -2555 0
-2554 -2556 0
-2555 -2556 0
-2557 -2558 0
-2557 -2559 0
-2558 -2559 0
-2560 -2561 0
-2560 -2562 0
-2561 -2562 0
-2563 -2564 0
-2563 -2565 0
-2564 -2565 0
-2566 -2567 0
-2566 -2568 0
-2567 -2568 0
-2569 -2570 0
-2569 -2571 0
-2570 -2571 0
-2572 -2573 0
-2572 -2574 0
-2573 -2574 0
-2575 -2576 0
-2575 -2577 0
-2576 -2577 0
-2578 -2579 0
-2578 -2580 0
-2579 -2580 0
-2581 -2582 0
-2581 -2583 0
-2582 -2583 0
-2584 -2585 0
-2584 -2586 0
-2585 -2586 0
-2587 -2588 0
-2587 -2589 0
-2588 -2589 0
-2590 -2591 0
-2590 -2592 0
-2591 -2592 0
